
t = (0:0.2:10)';
ym = [   0
   0
   0
   0
   0
   0
   0
   0
   0
   0
   0
   1.8309
   3.3559
   4.6091
   5.4235
   5.9757
   6.6298
   7.0080
   7.8280
   7.5852
   7.9247
   7.8363
   8.0107
   7.7077
   7.5316
   7.4208
   7.5734
   7.3197
   7.1489
   7.1987
   6.8493
   6.6425
   6.6268
   6.1223
   6.1078
   5.9242
   5.6034
   5.4618
   5.1281
   4.9489
   4.8930
   4.7747
   4.7750
   4.3095
   4.2211
   4.0416
   3.7485
   3.7164
   3.4799
   3.5286
   3.2785];