function con0 = getInitialConcentrations()

    con0 = nan(4, 5);
    con0(:, 1) = [  1.2629588;   0.9004536;   1.3669680;   1.0959413];
    con0(:, 2) = [  0.5975700;   1.6073887;   1.1659439;   1.0699238];
    con0(:, 3) = [  1.2938512;   1.1396294;   0.6245381;   0.9220380];
    con0(:, 4) = [  0.9295754;   0.7664348;   2.3188046;   0.6454131];
    con0(:, 5) = [  0.7851288;   0.7004710;   0.5559337;   0.9083552];

 end