function yMeasure = getMeasuredData()

yMeasure = nan(5, 100 , 2);
yMeasure(1, 1, :) = [1.2493      1.0768];
yMeasure(1, 2, :) = [1.1839      1.1727];
yMeasure(1, 3, :) = [0.97334      1.2287];
yMeasure(1, 4, :) = [0.83457      1.1857];
yMeasure(1, 5, :) = [0.88598      1.2632];
yMeasure(1, 6, :) = [0.79681      1.3447];
yMeasure(1, 7, :) = [0.66129      1.3748];
yMeasure(1, 8, :) = [0.5418      1.4562];
yMeasure(1, 9, :) = [0.54463      1.5129];
yMeasure(1, 10, :) = [0.51318      1.4981];
yMeasure(1, 11, :) = [0.49256      1.5872];
yMeasure(1, 12, :) = [0.42668      1.5405];
yMeasure(1, 13, :) = [0.42573       1.755];
yMeasure(1, 14, :) = [0.38953      1.7165];
yMeasure(1, 15, :) = [0.27616      1.7373];
yMeasure(1, 16, :) = [0.26229      1.8338];
yMeasure(1, 17, :) = [0.24564      1.8234];
yMeasure(1, 18, :) = [0.23228      1.9415];
yMeasure(1, 19, :) = [0.21841      1.9614];
yMeasure(1, 20, :) = [0.21361      2.1444];
yMeasure(1, 21, :) = [0.041721      2.1378];
yMeasure(1, 22, :) = [0.15212      2.0005];
yMeasure(1, 23, :) = [0.2204      2.1911];
yMeasure(1, 24, :) = [0.08969      2.1419];
yMeasure(1, 25, :) = [0.17581      2.2409];
yMeasure(1, 26, :) = [0.13402      2.3029];
yMeasure(1, 27, :) = [0.10362      2.3722];
yMeasure(1, 28, :) = [0.10387      2.3604];
yMeasure(1, 29, :) = [0.007221      2.4912];
yMeasure(1, 30, :) = [0.072928      2.4257];
yMeasure(1, 31, :) = [0.14991      2.5026];
yMeasure(1, 32, :) = [0.068015      2.5549];
yMeasure(1, 33, :) = [0.059299      2.5606];
yMeasure(1, 34, :) = [0.015317      2.6341];
yMeasure(1, 35, :) = [0.045867      2.6391];
yMeasure(1, 36, :) = [0.054917      2.6156];
yMeasure(1, 37, :) = [0.060945      2.5955];
yMeasure(1, 38, :) = [0.017688      2.8087];
yMeasure(1, 39, :) = [0.021572      2.7148];
yMeasure(1, 40, :) = [0.13197      2.7785];
yMeasure(1, 41, :) = [-0.084437      2.8291];
yMeasure(1, 42, :) = [0.1379      2.8334];
yMeasure(1, 43, :) = [0.041481      2.8085];
yMeasure(1, 44, :) = [0.072972      2.8556];
yMeasure(1, 45, :) = [-0.061705      2.8972];
yMeasure(1, 46, :) = [-0.0093124      3.0012];
yMeasure(1, 47, :) = [0.0050962      2.9072];
yMeasure(1, 48, :) = [0.039057      3.0118];
yMeasure(1, 49, :) = [-0.066569      3.0097];
yMeasure(1, 50, :) = [0.039624      3.0036];
yMeasure(1, 51, :) = [-0.045421      2.9829];
yMeasure(1, 52, :) = [0.017772      3.0413];
yMeasure(1, 53, :) = [0.046384      3.0703];
yMeasure(1, 54, :) = [0.029473      3.0198];
yMeasure(1, 55, :) = [0.066652      3.1208];
yMeasure(1, 56, :) = [0.062267      3.0876];
yMeasure(1, 57, :) = [-0.021104      3.1409];
yMeasure(1, 58, :) = [0.023809      3.1789];
yMeasure(1, 59, :) = [-0.036719      3.1327];
yMeasure(1, 60, :) = [-0.056019      3.1789];
yMeasure(1, 61, :) = [0.055909      3.2258];
yMeasure(1, 62, :) = [0.0092885       3.131];
yMeasure(1, 63, :) = [0.0061796      3.2886];
yMeasure(1, 64, :) = [0.054141      3.3716];
yMeasure(1, 65, :) = [0.037991      3.3116];
yMeasure(1, 66, :) = [0.025465      3.2606];
yMeasure(1, 67, :) = [0.070177      3.3102];
yMeasure(1, 68, :) = [0.053876      3.2489];
yMeasure(1, 69, :) = [0.019112      3.4063];
yMeasure(1, 70, :) = [-0.027645      3.3707];
yMeasure(1, 71, :) = [-0.025943      3.3739];
yMeasure(1, 72, :) = [0.066012      3.3013];
yMeasure(1, 73, :) = [-0.074402      3.3714];
yMeasure(1, 74, :) = [0.0047591      3.3374];
yMeasure(1, 75, :) = [-0.091659      3.3593];
yMeasure(1, 76, :) = [0.056618      3.3557];
yMeasure(1, 77, :) = [0.048498       3.342];
yMeasure(1, 78, :) = [0.0052958      3.3566];
yMeasure(1, 79, :) = [0.0015284         3.4];
yMeasure(1, 80, :) = [-0.1194      3.3338];
yMeasure(1, 81, :) = [0.033816       3.457];
yMeasure(1, 82, :) = [-0.10501      3.4285];
yMeasure(1, 83, :) = [-0.1115      3.4768];
yMeasure(1, 84, :) = [0.00833      3.4626];
yMeasure(1, 85, :) = [-0.043221      3.4808];
yMeasure(1, 86, :) = [0.024653      3.3887];
yMeasure(1, 87, :) = [0.037808      3.4184];
yMeasure(1, 88, :) = [0.04673      3.4535];
yMeasure(1, 89, :) = [-0.030825      3.4875];
yMeasure(1, 90, :) = [0.026096      3.5444];
yMeasure(1, 91, :) = [0.008556      3.4793];
yMeasure(1, 92, :) = [0.04473      3.5625];
yMeasure(1, 93, :) = [0.03014      3.5286];
yMeasure(1, 94, :) = [0.048135      3.5688];
yMeasure(1, 95, :) = [-0.0034433      3.5216];
yMeasure(1, 96, :) = [-0.0042908      3.4873];
yMeasure(1, 97, :) = [0.053377      3.4509];
yMeasure(1, 98, :) = [-0.10327      3.5374];
yMeasure(1, 99, :) = [-0.022396       3.575];
yMeasure(1, 100, :) = [-0.060769      3.5238];
yMeasure(2, 1, :) = [0.57053      1.1075];
yMeasure(2, 2, :) = [0.45302      1.1964];
yMeasure(2, 3, :) = [0.3175      1.2084];
yMeasure(2, 4, :) = [0.27502      1.1243];
yMeasure(2, 5, :) = [0.2343      1.1139];
yMeasure(2, 6, :) = [0.20122      1.3175];
yMeasure(2, 7, :) = [0.16033      1.2226];
yMeasure(2, 8, :) = [0.16573      1.3594];
yMeasure(2, 9, :) = [0.11784       1.399];
yMeasure(2, 10, :) = [0.18468      1.5491];
yMeasure(2, 11, :) = [0.094696      1.4741];
yMeasure(2, 12, :) = [0.15726      1.4911];
yMeasure(2, 13, :) = [0.021112      1.5663];
yMeasure(2, 14, :) = [0.07566       1.604];
yMeasure(2, 15, :) = [0.029859      1.6314];
yMeasure(2, 16, :) = [0.067606      1.6327];
yMeasure(2, 17, :) = [0.06298      1.6363];
yMeasure(2, 18, :) = [-0.07957      1.7465];
yMeasure(2, 19, :) = [-0.039555       1.696];
yMeasure(2, 20, :) = [-0.047697       1.743];
yMeasure(2, 21, :) = [0.042399      1.8917];
yMeasure(2, 22, :) = [0.094084      1.8338];
yMeasure(2, 23, :) = [0.0027498      1.8765];
yMeasure(2, 24, :) = [0.058427      1.9564];
yMeasure(2, 25, :) = [0.043975      1.9234];
yMeasure(2, 26, :) = [-0.036863      2.0162];
yMeasure(2, 27, :) = [0.034719      1.9729];
yMeasure(2, 28, :) = [-0.023528      2.0654];
yMeasure(2, 29, :) = [0.089171      2.0702];
yMeasure(2, 30, :) = [0.011084      2.0512];
yMeasure(2, 31, :) = [0.093919      2.0411];
yMeasure(2, 32, :) = [-0.0096822       2.054];
yMeasure(2, 33, :) = [0.040534      2.1138];
yMeasure(2, 34, :) = [0.0074497      2.1258];
yMeasure(2, 35, :) = [-0.090951      2.1471];
yMeasure(2, 36, :) = [-0.039376       2.236];
yMeasure(2, 37, :) = [0.039966      2.1905];
yMeasure(2, 38, :) = [0.0062266      2.2807];
yMeasure(2, 39, :) = [-0.047315      2.2144];
yMeasure(2, 40, :) = [-0.023029      2.3066];
yMeasure(2, 41, :) = [0.020452      2.2482];
yMeasure(2, 42, :) = [-0.041973      2.2991];
yMeasure(2, 43, :) = [0.056141      2.3542];
yMeasure(2, 44, :) = [-0.024912         2.3];
yMeasure(2, 45, :) = [0.09731      2.3132];
yMeasure(2, 46, :) = [-0.047371      2.4493];
yMeasure(2, 47, :) = [0.016348      2.4103];
yMeasure(2, 48, :) = [-0.069885      2.3543];
yMeasure(2, 49, :) = [-0.030228      2.4212];
yMeasure(2, 50, :) = [-0.023913      2.3831];
yMeasure(2, 51, :) = [0.025622      2.4484];
yMeasure(2, 52, :) = [0.052475      2.4955];
yMeasure(2, 53, :) = [0.020214      2.3557];
yMeasure(2, 54, :) = [-0.013635      2.4983];
yMeasure(2, 55, :) = [0.045629      2.5303];
yMeasure(2, 56, :) = [0.044642        2.47];
yMeasure(2, 57, :) = [0.010557      2.5648];
yMeasure(2, 58, :) = [0.032964      2.4949];
yMeasure(2, 59, :) = [0.024903      2.4346];
yMeasure(2, 60, :) = [-0.045219      2.3958];
yMeasure(2, 61, :) = [0.04198      2.4975];
yMeasure(2, 62, :) = [-0.028982      2.5583];
yMeasure(2, 63, :) = [-0.026436      2.5467];
yMeasure(2, 64, :) = [0.012494      2.5595];
yMeasure(2, 65, :) = [-0.011838      2.5176];
yMeasure(2, 66, :) = [-0.0031583      2.5611];
yMeasure(2, 67, :) = [0.0331      2.4792];
yMeasure(2, 68, :) = [0.055577      2.5301];
yMeasure(2, 69, :) = [-0.0067564       2.534];
yMeasure(2, 70, :) = [0.019435      2.6075];
yMeasure(2, 71, :) = [-0.0089507      2.5871];
yMeasure(2, 72, :) = [0.014361      2.5362];
yMeasure(2, 73, :) = [0.024801      2.5995];
yMeasure(2, 74, :) = [-0.02812      2.5712];
yMeasure(2, 75, :) = [0.01639       2.578];
yMeasure(2, 76, :) = [0.032631        2.66];
