function con0 = getInitialConcentrations()

    con0 = nan(4, 5);
    con0(:, 1) = [  1.2286811;   1.0801070;   1.3195428;   0.5563138];
    con0(:, 2) = [  1.6549873;   1.0584019;   1.4405506;   0.6115516];
    con0(:, 3) = [  1.0263571;   1.5508446;   1.6604199;   0.9587028];
    con0(:, 4) = [  0.3958318;   0.5778677;   1.1155124;   1.4875388];
    con0(:, 5) = [  1.2605676;   0.7361547;   3.0716040;   1.0368360];

 end