function con0 = getInitialConcentrations()

    con0 = nan(4, 5);
    con0(:, 1) = [  1.2124130;   0.6069563;   0.6887898;   0.6453938];
    con0(:, 2) = [  1.0590215;   1.1599492;   0.4222549;   0.4914619];
    con0(:, 3) = [  0.8449365;   0.4937847;   2.5948980;   1.6251632];
    con0(:, 4) = [  0.9199043;   0.6233582;   1.0096687;   1.7145047];
    con0(:, 5) = [  1.1332367;   1.3405386;   0.9647553;   1.2675862];

 end