function con0 = getInitialConcentrations()

    con0 = nan(4, 1);
    con0(:, 1) = [  0.9003707;   0.4276578;   1.3549984;   0.9428019];

 end