function con0 = getInitialConcentrations()

    con0 = nan(4, 5);
    con0(:, 1) = [  0.5853539;   0.9025080;   0.7578866;   0.8637503];
    con0(:, 2) = [  1.8041977;   1.2076756;   1.6417901;   1.3521906];
    con0(:, 3) = [  0.6727086;   1.5926655;   0.5090576;   1.4916677];
    con0(:, 4) = [  1.3496141;   1.7336247;   0.4917077;   0.9031939];
    con0(:, 5) = [  1.0089968;   1.0514558;   1.5498812;   1.4195602];

 end