function con0 = getInitialConcentrations()

    con0 = nan(4, 1);
    con0(:, 1) = [  1.5496972;   1.7552326;   1.3069984;   0.5808964];

 end