function con0 = getInitialConcentrations()

    con0 = nan(4, 1);
    con0(:, 1) = [  0.4076528;   1.5222474;   0.6414551;   1.0513199];

 end