function con0 = getInitialConcentrations()

    con0 = nan(4, 5);
    con0(:, 1) = [  0.8606483;   2.1751786;   1.3145502;   0.6245390];
    con0(:, 2) = [  2.2676059;   0.3844564;   1.6778625;   0.8851322];
    con0(:, 3) = [  1.2117216;   1.3422844;   0.8410444;   0.9710657];
    con0(:, 4) = [  0.9537269;   1.2085833;   0.7196722;   0.6077034];
    con0(:, 5) = [  0.2607710;   1.0451196;   0.5284892;   1.2662140];

 end