function con0 = getInitialConcentrations()

    con0 = nan(4, 5);
    con0(:, 1) = [  0.4696887;   2.0256973;   0.6325209;   0.8748092];
    con0(:, 2) = [  0.6595097;   1.1955815;   0.6982494;   0.9466146];
    con0(:, 3) = [  0.8640991;   0.7424144;   0.7224465;   0.7773422];
    con0(:, 4) = [  0.7418173;   3.7868391;   1.6696233;   0.7244985];
    con0(:, 5) = [  1.2294511;   1.0773073;   1.1413856;   1.1128395];

 end