function con0 = getInitialConcentrations()

    con0 = nan(4, 1);
    con0(:, 1) = [  0.5861893;   1.3008217;   0.3529144;   1.1213050];

 end