function con0 = getInitialConcentrations()

    con0 = nan(4, 1);
    con0(:, 1) = [  0.4505790;   0.4136356;   0.8565062;   1.9411520];

 end