function con0 = getInitialConcentrations()

    con0 = nan(4, 5);
    con0(:, 1) = [  1.0716064;   0.3853770;   0.8331876;   0.6543879];
    con0(:, 2) = [  0.6822380;   0.5690156;   1.0398687;   2.8671395];
    con0(:, 3) = [  0.6991264;   0.8691341;   1.7918301;   1.8338374];
    con0(:, 4) = [  1.2747760;   1.6703083;   1.5455240;   0.8262326];
    con0(:, 5) = [  1.2391758;   0.8610822;   0.6376701;   1.3735144];

 end