function con0 = getInitialCons()

yMeas = nan(100, 100 , 4);
con0(1, :) = [  0.9972097,   1.4892514,   1.3905943,   1.3296096];
con0(2, :) = [  3.4403471,   0.2743324,   0.4638989,   0.4473911];
con0(3, :) = [  0.8339232,   0.1268505,   0.5209032,   1.8298389];
con0(4, :) = [  0.9651625,   0.3197939,   1.1907924,   0.5812004];
con0(5, :) = [  2.7556887,   2.8564389,   1.2873798,   1.4815953];
con0(6, :) = [  0.5157496,   1.4865051,   0.2072264,   0.8047048];
con0(7, :) = [  1.0662304,   0.5987395,   0.3784673,   0.2314417];
con0(8, :) = [  1.3707918,   2.0753971,   2.6747837,   0.6059853];
con0(9, :) = [  1.5969108,   0.1711328,   0.4138106,  13.1824906];
con0(10, :) = [  1.1504944,   0.8195371,   2.3829725,   0.5177751];
con0(11, :) = [  1.3820117,   0.7552858,   1.8277298,   2.2443910];
con0(12, :) = [  0.6243570,   0.7507044,   2.0912962,   0.2456336];
con0(13, :) = [  0.8646253,   0.1500667,   0.9690088,   0.5483618];
con0(14, :) = [  0.5712787,   0.9873545,   3.8589069,   0.6574634];
con0(15, :) = [  6.0522063,   0.9000930,   0.2888644,   0.1709151];
con0(16, :) = [  2.3790602,   1.2592186,   0.9545050,   0.4488975];
con0(17, :) = [  0.7964914,   0.7594375,   1.4952881,   1.0107003];
con0(18, :) = [  0.5356741,   2.1107609,   2.4077523,   0.3014205];
con0(19, :) = [  1.0264139,   1.0771923,   1.7137847,   2.2360190];
con0(20, :) = [  9.9278699,   0.4858411,   0.2406504,   0.8762504];
con0(21, :) = [  0.8308402,   0.9394602,   0.9157013,   1.3646960];
con0(22, :) = [  1.7928236,   5.4676852,   0.6450397,   0.5881584];
con0(23, :) = [  0.6789703,   2.1489488,   0.1814042,   5.6243611];
con0(24, :) = [  1.4232719,   3.5267853,   0.4046128,   3.4891480];
con0(25, :) = [  0.6841906,   4.8104703,   2.2934119,   0.3866282];
con0(26, :) = [  0.3459867,   2.0186623,   0.3850459,   0.3699730];
con0(27, :) = [  1.0899509,   3.8896510,   1.1498890,   0.2841364];
con0(28, :) = [  0.7635779,   1.8191306,  14.4138777,   4.2235277];
con0(29, :) = [  1.8027738,   0.1102909,   0.5170393,   1.2812181];
con0(30, :) = [  4.6939192,   0.3457286,   0.1875577,   0.5229859];
con0(31, :) = [  1.0700887,   1.6575445,   1.7870549,   0.6934482];
con0(32, :) = [  0.2409557,   0.6400468,   0.1220202,   1.5778967];
con0(33, :) = [  0.1474583,   2.0987095,   1.8189743,   1.1531626];
con0(34, :) = [  1.4429753,   2.3103735,   2.7694625,   0.2419705];
con0(35, :) = [  1.5681861,   0.9211670,   0.3135817,   0.7854900];
con0(36, :) = [  2.0233133,   0.2458633,   0.3058738,   1.9771351];
con0(37, :) = [  1.8061296,   6.8054178,   1.7857043,   1.7878205];
con0(38, :) = [  0.3838694,   3.0886587,   0.8887523,   0.3989008];
con0(39, :) = [  0.7958756,   0.8539531,   2.4231749,   0.3273680];
con0(40, :) = [  0.5617922,   4.4309636,   0.9208419,   0.4437320];
con0(41, :) = [  0.8713548,   0.7102084,   0.1764262,   0.8420807];
con0(42, :) = [  0.1483377,   0.8872431,   0.2482515,   0.8510636];
con0(43, :) = [  4.0858348,   0.1636472,   0.8488284,   0.7293576];
con0(44, :) = [  0.4503318,   0.4145862,   0.8702449,   0.5368931];
con0(45, :) = [  0.3626620,   0.4006566,   0.4919603,   0.0657352];
con0(46, :) = [  0.2578218,   0.5946422,   3.2065669,   0.4205717];
con0(47, :) = [  0.8205941,   0.3811136,   4.9334139,   1.3024080];
con0(48, :) = [  0.8004276,   0.4901496,   0.7515215,   0.6399922];
con0(49, :) = [  2.3509476,   0.2012583,   0.3186580,   0.6281548];
con0(50, :) = [  0.1833641,   0.4303470,   0.3652442,   0.5645673];
con0(51, :) = [  3.4197526,   0.4582606,   0.9399446,   2.3290126];
con0(52, :) = [  0.3560113,   0.1129954,   4.5652813,   0.3777364];
con0(53, :) = [  1.0370004,   2.1258146,   1.7078848,   0.4214036];
con0(54, :) = [  0.3514424,   0.4939712,   3.2543137,   0.4514888];
con0(55, :) = [  0.3978655,   1.1325149,   0.2646932,   2.1585754];
con0(56, :) = [  2.6606319,   1.4013985,   1.1433578,   2.9517868];
con0(57, :) = [  0.1915368,   0.2488561,   0.9368587,   0.7119298];
con0(58, :) = [  0.3083484,   0.7224908,   2.3777050,   0.6807894];
con0(59, :) = [ 10.3132476,   1.2573884,   2.1473454,   5.6046654];
con0(60, :) = [  1.0566370,   3.5512856,   3.2858672,   0.8775036];
con0(61, :) = [  0.1261240,   0.2642186,   0.5977989,   6.1292842];
con0(62, :) = [  3.2461004,   1.2497801,   6.5455037,   3.0404703];
con0(63, :) = [  0.6754151,   1.3051662,   1.3610504,   1.6209079];
con0(64, :) = [  0.5168361,   3.3063238,   0.8660701,   2.3366096];
con0(65, :) = [  0.5695654,   1.5744435,   4.7518649,   1.6329529];
con0(66, :) = [  0.4953971,   0.8646760,   0.5038807,   4.4151298];
con0(67, :) = [  3.5231753,   2.0516378,   3.6476443,   2.1266872];
con0(68, :) = [  2.4218705,   0.7610005,   0.3960621,   1.1183358];
con0(69, :) = [  0.8566209,   1.5326316,   2.0813588,   0.9567026];
con0(70, :) = [  2.8452504,   0.2446172,   1.3639942,   0.5555943];
con0(71, :) = [  1.0559966,   0.6422675,   0.4342252,   0.9593950];
con0(72, :) = [  0.3827710,   1.9277021,   0.1818497,   0.9381974];
con0(73, :) = [  2.9636555,   3.6155798,   1.4589836,   1.4368186];
con0(74, :) = [  0.4330996,   1.3121694,   5.1283730,   0.3508519];
con0(75, :) = [  0.6113260,   0.7158302,   2.1895377,   0.1070013];
con0(76, :) = [  0.8026504,   0.9883971,   2.7962491,  16.5814812];
con0(77, :) = [  2.3961068,   1.5637525,   2.0305080,   0.6133726];
con0(78, :) = [  0.3073373,   0.8601542,   1.7980245,   4.1965876];
con0(79, :) = [  0.1203429,   1.4348535,   1.2643133,   1.6170568];
con0(80, :) = [  1.3247748,   0.5007028,   0.2952989,   1.1124833];
con0(81, :) = [  0.6946127,   0.8218643,   1.0829170,   3.4288746];
con0(82, :) = [  2.1774388,   0.6508826,   0.0882752,   1.4110613];
con0(83, :) = [  3.0640005,   3.4252492,   1.0321873,   0.8880580];
con0(84, :) = [  0.3269177,   2.5904718,   1.4811037,   0.1487787];
con0(85, :) = [  0.8375693,   0.6975174,   8.0458100,   0.7677726];
con0(86, :) = [  2.6831232,   0.2665611,   0.2120173,   0.1770579];
con0(87, :) = [  0.2783507,   1.7324123,   1.4499775,   1.3321518];
con0(88, :) = [  0.3093499,   0.5890389,   0.2955188,   4.2881372];
con0(89, :) = [  2.1349782,   0.7601104,   0.2820991,   2.7783332];
con0(90, :) = [  3.8044549,   2.1836061,   3.8094424,   2.5174039];
con0(91, :) = [  1.2836784,   1.0510488,   1.9414978,   0.5353803];
con0(92, :) = [  2.0511998,   1.0731579,   1.5924751,   0.7706700];
con0(93, :) = [  1.1944423,   1.6063097,   0.4746317,   0.2776442];
con0(94, :) = [  1.5492317,   2.9403303,   1.0019642,   0.7703604];
con0(95, :) = [  1.1407437,   2.4394733,   0.7895199,   1.7131391];
con0(96, :) = [  0.0957460,   0.9727744,   3.0403065,   0.1178798];
con0(97, :) = [  2.4657393,   5.8130724,   1.8113290,   0.3007815];
con0(98, :) = [  2.1650929,   0.3667520,   0.6837440,   0.4304737];
con0(99, :) = [  2.9986886,   0.6350068,   1.3438057,   0.2559880];
con0(100, :) = [  2.3941781,   1.6618595,   0.6392052,   2.1143215];

 end