function con0 = getInitialConcentrations()

    con0 = nan(4, 5);
    con0(:, 1) = [  1.1770300;   1.5879094;   1.1136530;   1.2009641];
    con0(:, 2) = [  1.1747736;   3.8362746;   1.5496583;   0.6451677];
    con0(:, 3) = [  0.5440449;   0.4460073;   2.5093914;   0.6640068];
    con0(:, 4) = [  1.6422509;   1.3059215;   0.4660960;   2.7495289];
    con0(:, 5) = [  1.3180429;   2.4844994;   1.1868731;   1.0939344];

 end