function yMeasure = getMeasuredData()

yMeasure = nan(5, 50 , 2);
yMeasure(1, 1, :) = [1.1261      1.1391];
yMeasure(1, 2, :) = [0.7551      1.2951];
yMeasure(1, 3, :) = [0.53103      1.4487];
yMeasure(1, 4, :) = [0.30286      1.4752];
yMeasure(1, 5, :) = [0.27837      1.6016];
yMeasure(1, 6, :) = [0.21615       1.635];
yMeasure(1, 7, :) = [0.11991      1.8574];
yMeasure(1, 8, :) = [0.13823      1.8974];
yMeasure(1, 9, :) = [0.028949      1.9474];
yMeasure(1, 10, :) = [0.040365      1.9719];
yMeasure(1, 11, :) = [0.059353      2.1041];
yMeasure(1, 12, :) = [0.012919      2.1655];
yMeasure(1, 13, :) = [0.056293      2.2663];
yMeasure(1, 14, :) = [0.011193      2.3782];
yMeasure(1, 15, :) = [-0.018761      2.4682];
yMeasure(1, 16, :) = [0.068172      2.4965];
yMeasure(1, 17, :) = [0.048972      2.5511];
yMeasure(1, 18, :) = [0.045437      2.6204];
yMeasure(1, 19, :) = [0.049401      2.7858];
yMeasure(1, 20, :) = [0.064169      2.7181];
yMeasure(1, 21, :) = [0.062005      2.7539];
yMeasure(1, 22, :) = [0.013074      2.8683];
yMeasure(1, 23, :) = [-0.012063      2.8339];
yMeasure(1, 24, :) = [0.004087      2.8332];
yMeasure(1, 25, :) = [0.070772      2.9487];
yMeasure(1, 26, :) = [-0.05168      2.9172];
yMeasure(1, 27, :) = [-0.020607      2.9762];
yMeasure(1, 28, :) = [0.059236       3.039];
yMeasure(1, 29, :) = [0.048878      3.0629];
yMeasure(1, 30, :) = [-0.018646      2.9679];
yMeasure(1, 31, :) = [-0.0046182      2.9539];
yMeasure(1, 32, :) = [-0.002441      3.0595];
yMeasure(1, 33, :) = [-0.0087632      3.1983];
yMeasure(1, 34, :) = [-0.11747      3.1472];
yMeasure(1, 35, :) = [-0.016963      3.1464];
yMeasure(1, 36, :) = [0.019589      3.1637];
yMeasure(1, 37, :) = [0.12647      3.2397];
yMeasure(1, 38, :) = [-0.069467      3.2196];
yMeasure(1, 39, :) = [-0.028322      3.2412];
yMeasure(1, 40, :) = [-0.016012      3.1264];
yMeasure(1, 41, :) = [-0.044031      3.2349];
yMeasure(1, 42, :) = [-0.030772      3.2563];
yMeasure(1, 43, :) = [-0.09345      3.2235];
yMeasure(1, 44, :) = [-0.0030015      3.2757];
yMeasure(1, 45, :) = [-0.023439      3.2565];
yMeasure(1, 46, :) = [0.029112      3.3393];
yMeasure(1, 47, :) = [0.0051186      3.2758];
yMeasure(1, 48, :) = [0.055432      3.3777];
yMeasure(1, 49, :) = [0.083079      3.3178];
yMeasure(1, 50, :) = [0.0080418      3.3718];
yMeasure(2, 1, :) = [1.289     0.65771];
yMeasure(2, 2, :) = [0.39468     0.74855];
yMeasure(2, 3, :) = [0.22834     0.87955];
yMeasure(2, 4, :) = [0.014977     0.99369];
yMeasure(2, 5, :) = [0.1279      1.0962];
yMeasure(2, 6, :) = [-0.036123      1.2985];
yMeasure(2, 7, :) = [0.015691      1.4806];
yMeasure(2, 8, :) = [-0.000141      1.5205];
yMeasure(2, 9, :) = [-0.043038      1.7429];
yMeasure(2, 10, :) = [-0.052345      1.7201];
yMeasure(2, 11, :) = [0.044236       1.966];
yMeasure(2, 12, :) = [-0.058537      1.9129];
yMeasure(2, 13, :) = [-0.056992      2.0355];
yMeasure(2, 14, :) = [0.065701      2.1802];
yMeasure(2, 15, :) = [0.0086369       2.243];
yMeasure(2, 16, :) = [0.026899      2.2118];
yMeasure(2, 17, :) = [-0.037729      2.3507];
yMeasure(2, 18, :) = [-0.0030253      2.3181];
yMeasure(2, 19, :) = [0.021685      2.3447];
yMeasure(2, 20, :) = [0.014277      2.5158];
yMeasure(2, 21, :) = [0.094913      2.4456];
yMeasure(2, 22, :) = [-0.026058      2.4714];
yMeasure(2, 23, :) = [-0.0026839      2.6186];
yMeasure(2, 24, :) = [0.046119      2.7314];
yMeasure(2, 25, :) = [0.051632       2.761];
yMeasure(2, 26, :) = [-0.094718      2.6609];
yMeasure(2, 27, :) = [-0.015864      2.7709];
yMeasure(2, 28, :) = [-0.030325      2.8404];
yMeasure(2, 29, :) = [0.0025056      2.8782];
yMeasure(2, 30, :) = [0.028878      2.9349];
yMeasure(2, 31, :) = [0.025186      2.9618];
yMeasure(2, 32, :) = [0.059829      2.9493];
yMeasure(2, 33, :) = [0.025019      2.8577];
yMeasure(2, 34, :) = [0.018268       2.952];
yMeasure(2, 35, :) = [0.049647      2.9007];
yMeasure(2, 36, :) = [0.023682      3.0498];
yMeasure(2, 37, :) = [-0.064093      3.0926];
yMeasure(2, 38, :) = [0.0075253      2.9216];
yMeasure(2, 39, :) = [-0.080798      3.0786];
yMeasure(2, 40, :) = [0.057383      3.0339];
yMeasure(2, 41, :) = [-0.10363      3.0404];
yMeasure(2, 42, :) = [-0.025803      3.0323];
yMeasure(2, 43, :) = [0.0063294      3.1516];
yMeasure(2, 44, :) = [-0.0003617      3.1185];
yMeasure(2, 45, :) = [0.095633      3.1036];
yMeasure(2, 46, :) = [0.0042013      3.1399];
yMeasure(2, 47, :) = [-0.029321      3.1787];
yMeasure(2, 48, :) = [0.030674      3.0929];
yMeasure(2, 49, :) = [-0.059059      3.1045];
yMeasure(2, 50, :) = [0.028498       3.186];
yMeasure(3, 1, :) = [0.62333     0.58146];
yMeasure(3, 2, :) = [0.54589     0.84951];
yMeasure(3, 3, :) = [0.4135      0.9976];
yMeasure(3, 4, :) = [0.28938      1.0808];
yMeasure(3, 5, :) = [0.17949      1.2769];
yMeasure(3, 6, :) = [0.19695       1.317];
yMeasure(3, 7, :) = [0.25339       1.451];
yMeasure(3, 8, :) = [0.1303      1.5782];
yMeasure(3, 9, :) = [0.13968      1.7481];
yMeasure(3, 10, :) = [0.11016      1.8396];
yMeasure(3, 11, :) = [-0.031072       2.068];
yMeasure(3, 12, :) = [0.12579      2.0701];
yMeasure(3, 13, :) = [0.15241      2.1974];
yMeasure(3, 14, :) = [0.040061      2.2884];
yMeasure(3, 15, :) = [0.084978      2.3635];
yMeasure(3, 16, :) = [-0.0081172      2.4348];
yMeasure(3, 17, :) = [0.055456      2.5629];
yMeasure(3, 18, :) = [0.12857      2.5135];
yMeasure(3, 19, :) = [0.085393      2.7202];
yMeasure(3, 20, :) = [-0.017322      2.7355];
yMeasure(3, 21, :) = [-0.035083      2.7026];
yMeasure(3, 22, :) = [0.017044      2.8709];
yMeasure(3, 23, :) = [0.0012391      2.9264];
yMeasure(3, 24, :) = [0.0088229      3.0013];
yMeasure(3, 25, :) = [0.074522      2.9407];
yMeasure(3, 26, :) = [0.021144      3.0865];
yMeasure(3, 27, :) = [0.092505       3.058];
yMeasure(3, 28, :) = [0.0064535      3.0094];
yMeasure(3, 29, :) = [0.0013072      3.0792];
yMeasure(3, 30, :) = [0.047058      3.1976];
yMeasure(3, 31, :) = [0.028192       3.272];
yMeasure(3, 32, :) = [-0.0040883      3.1524];
yMeasure(3, 33, :) = [-0.073431      3.2334];
yMeasure(3, 34, :) = [-0.050235      3.2318];
yMeasure(3, 35, :) = [0.036067      3.3827];
yMeasure(3, 36, :) = [0.032068      3.2665];
yMeasure(3, 37, :) = [-0.068803       3.399];
yMeasure(3, 38, :) = [0.010308      3.3211];
yMeasure(3, 39, :) = [0.030524      3.4098];
yMeasure(3, 40, :) = [-0.054943      3.3222];
yMeasure(3, 41, :) = [-0.04631      3.4798];
yMeasure(3, 42, :) = [0.063101        3.31];
yMeasure(3, 43, :) = [-0.084473      3.4506];
yMeasure(3, 44, :) = [0.025365       3.469];
yMeasure(3, 45, :) = [0.051781      3.4196];
yMeasure(3, 46, :) = [-0.086834      3.4241];
yMeasure(3, 47, :) = [-0.0039183       3.514];
yMeasure(3, 48, :) = [-0.0563      3.4422];
yMeasure(3, 49, :) = [0.0068409      3.5023];
yMeasure(3, 50, :) = [-0.018877      3.3719];
yMeasure(4, 1, :) = [1.5382      2.8565];
yMeasure(4, 2, :) = [1.1616       2.761];
yMeasure(4, 3, :) = [0.9682      2.8772];
yMeasure(4, 4, :) = [0.66772       2.933];
yMeasure(4, 5, :) = [0.66619      2.9483];
yMeasure(4, 6, :) = [0.5645      3.1231];
yMeasure(4, 7, :) = [0.43391      3.0454];
yMeasure(4, 8, :) = [0.39707      3.1363];
yMeasure(4, 9, :) = [0.45157      3.2441];
yMeasure(4, 10, :) = [0.22278      3.4493];
yMeasure(4, 11, :) = [0.27363      3.5058];
yMeasure(4, 12, :) = [0.22222      3.4647];
yMeasure(4, 13, :) = [0.19509      3.5866];
yMeasure(4, 14, :) = [0.15033      3.6245];
yMeasure(4, 15, :) = [0.14038      3.7368];
yMeasure(4, 16, :) = [0.093084      3.8912];
yMeasure(4, 17, :) = [0.0035576      3.8006];
yMeasure(4, 18, :) = [0.044484      3.9975];
yMeasure(4, 19, :) = [0.073358      3.9298];
yMeasure(4, 20, :) = [0.064668      3.9708];
yMeasure(4, 21, :) = [0.073826      4.0815];
yMeasure(4, 22, :) = [0.1481      4.1317];
yMeasure(4, 23, :) = [-0.051005      4.1529];
yMeasure(4, 24, :) = [0.06136      4.1058];
yMeasure(4, 25, :) = [0.030572      4.1826];
yMeasure(4, 26, :) = [0.018957      4.2096];
