function yMeasure = getMeasuredData()

yMeasure = nan(5, 100 , 2);
yMeasure(1, 1, :) = [0.61795     0.87548];
yMeasure(1, 2, :) = [0.52003     0.83117];
yMeasure(1, 3, :) = [0.53317     0.95581];
yMeasure(1, 4, :) = [0.38131     0.96406];
yMeasure(1, 5, :) = [0.35871     0.96304];
yMeasure(1, 6, :) = [0.28699     0.97445];
yMeasure(1, 7, :) = [0.27982     0.99576];
yMeasure(1, 8, :) = [0.2902      1.0498];
yMeasure(1, 9, :) = [0.16685      1.0389];
yMeasure(1, 10, :) = [0.21492      1.0811];
yMeasure(1, 11, :) = [0.14826        1.06];
yMeasure(1, 12, :) = [0.20623      1.1357];
yMeasure(1, 13, :) = [0.052219       1.154];
yMeasure(1, 14, :) = [0.038088      1.2443];
yMeasure(1, 15, :) = [0.20392      1.3144];
yMeasure(1, 16, :) = [0.10342      1.3193];
yMeasure(1, 17, :) = [0.0018488      1.3452];
yMeasure(1, 18, :) = [0.0064019      1.3516];
yMeasure(1, 19, :) = [0.077789      1.3695];
yMeasure(1, 20, :) = [0.089809      1.4036];
yMeasure(1, 21, :) = [0.084422       1.353];
yMeasure(1, 22, :) = [0.1147       1.454];
yMeasure(1, 23, :) = [0.072461      1.3748];
yMeasure(1, 24, :) = [0.047166      1.4874];
yMeasure(1, 25, :) = [0.098784      1.4361];
yMeasure(1, 26, :) = [0.14536        1.45];
yMeasure(1, 27, :) = [0.040182       1.496];
yMeasure(1, 28, :) = [0.023633      1.4732];
yMeasure(1, 29, :) = [0.084724      1.5583];
yMeasure(1, 30, :) = [0.0048856      1.6317];
yMeasure(1, 31, :) = [-0.046202      1.5818];
yMeasure(1, 32, :) = [0.020579      1.6367];
yMeasure(1, 33, :) = [0.036322      1.6372];
yMeasure(1, 34, :) = [0.02969      1.7063];
yMeasure(1, 35, :) = [-0.034995       1.654];
yMeasure(1, 36, :) = [-0.01029      1.6923];
yMeasure(1, 37, :) = [-0.015634      1.8163];
yMeasure(1, 38, :) = [0.064987      1.7651];
yMeasure(1, 39, :) = [0.009688      1.6755];
yMeasure(1, 40, :) = [0.047784      1.7922];
yMeasure(1, 41, :) = [0.044401      1.7036];
yMeasure(1, 42, :) = [0.0040858      1.7634];
yMeasure(1, 43, :) = [-0.086033      1.7902];
yMeasure(1, 44, :) = [0.030506      1.8316];
yMeasure(1, 45, :) = [0.046959      1.7803];
yMeasure(1, 46, :) = [-0.026423      1.8388];
yMeasure(1, 47, :) = [0.0098478      1.9117];
yMeasure(1, 48, :) = [-0.011868      1.7389];
yMeasure(1, 49, :) = [0.094834       1.791];
yMeasure(1, 50, :) = [0.007822       1.915];
yMeasure(1, 51, :) = [0.019154      1.8505];
yMeasure(1, 52, :) = [-0.0438      1.8731];
yMeasure(1, 53, :) = [-0.028524      1.9306];
yMeasure(1, 54, :) = [-0.059911      2.0047];
yMeasure(1, 55, :) = [0.044039      1.8373];
yMeasure(1, 56, :) = [0.037677      1.8656];
yMeasure(1, 57, :) = [-0.034372      1.9155];
yMeasure(1, 58, :) = [0.15116      1.9275];
yMeasure(1, 59, :) = [0.052489      1.9407];
yMeasure(1, 60, :) = [0.026584      1.9273];
yMeasure(1, 61, :) = [0.10188      2.0113];
yMeasure(1, 62, :) = [-0.11693       1.912];
yMeasure(1, 63, :) = [0.0010965      1.9746];
yMeasure(1, 64, :) = [0.0042198      2.0206];
yMeasure(1, 65, :) = [0.015264      1.9964];
yMeasure(1, 66, :) = [-0.046828      1.9529];
yMeasure(1, 67, :) = [0.031385      1.9961];
yMeasure(1, 68, :) = [-0.1061      1.9802];
yMeasure(1, 69, :) = [0.0099665      1.9718];
yMeasure(1, 70, :) = [0.026391       2.075];
yMeasure(1, 71, :) = [0.0022514      2.0029];
yMeasure(1, 72, :) = [0.022378      1.9891];
yMeasure(1, 73, :) = [-0.034155      1.9853];
yMeasure(1, 74, :) = [0.031379      2.0341];
yMeasure(1, 75, :) = [-0.014951       1.958];
yMeasure(1, 76, :) = [-0.079294      1.9552];
yMeasure(1, 77, :) = [-0.01196      2.0516];
yMeasure(1, 78, :) = [-0.027555      1.9818];
yMeasure(1, 79, :) = [-0.047892      2.0306];
yMeasure(1, 80, :) = [0.028488      2.0934];
yMeasure(1, 81, :) = [0.005165      2.1047];
yMeasure(1, 82, :) = [-0.0096881      2.1397];
yMeasure(1, 83, :) = [-0.024428      2.0157];
yMeasure(1, 84, :) = [0.086702      2.1126];
yMeasure(1, 85, :) = [0.061439      2.0896];
yMeasure(1, 86, :) = [-0.006744      2.1393];
yMeasure(1, 87, :) = [0.0069605       2.091];
yMeasure(1, 88, :) = [0.078185      2.1239];
yMeasure(1, 89, :) = [0.092149      2.1432];
yMeasure(1, 90, :) = [0.057547      2.0687];
yMeasure(1, 91, :) = [-0.013943      2.0691];
yMeasure(1, 92, :) = [-0.026856      2.0285];
yMeasure(1, 93, :) = [0.039802      2.0933];
yMeasure(1, 94, :) = [-0.041024      2.1181];
yMeasure(1, 95, :) = [-0.051439      2.0658];
yMeasure(1, 96, :) = [-0.015712       2.109];
yMeasure(1, 97, :) = [0.04979        2.09];
yMeasure(1, 98, :) = [0.0099076      2.0886];
yMeasure(1, 99, :) = [0.01414      2.1514];
yMeasure(1, 100, :) = [0.058082      2.1554];
yMeasure(2, 1, :) = [1.8616      1.3084];
yMeasure(2, 2, :) = [1.465      1.3461];
yMeasure(2, 3, :) = [1.3121      1.3867];
yMeasure(2, 4, :) = [1.2009      1.6234];
yMeasure(2, 5, :) = [0.98292      1.5566];
yMeasure(2, 6, :) = [1.0434      1.7146];
yMeasure(2, 7, :) = [0.87248      1.7599];
yMeasure(2, 8, :) = [0.75772      1.7255];
yMeasure(2, 9, :) = [0.76862      1.9717];
yMeasure(2, 10, :) = [0.67413      1.9667];
yMeasure(2, 11, :) = [0.60432      2.0984];
yMeasure(2, 12, :) = [0.51281      2.0923];
yMeasure(2, 13, :) = [0.41041      2.1514];
yMeasure(2, 14, :) = [0.40578      2.1581];
yMeasure(2, 15, :) = [0.38014      2.2768];
yMeasure(2, 16, :) = [0.39652      2.3468];
yMeasure(2, 17, :) = [0.36892       2.328];
yMeasure(2, 18, :) = [0.26596      2.4664];
yMeasure(2, 19, :) = [0.31625      2.5377];
yMeasure(2, 20, :) = [0.28029      2.5547];
yMeasure(2, 21, :) = [0.21508      2.6714];
yMeasure(2, 22, :) = [0.15047      2.6492];
yMeasure(2, 23, :) = [0.22145       2.739];
yMeasure(2, 24, :) = [0.15121      2.8296];
yMeasure(2, 25, :) = [0.089802      2.8494];
yMeasure(2, 26, :) = [0.13766       2.955];
yMeasure(2, 27, :) = [0.13747      2.9687];
yMeasure(2, 28, :) = [0.026      2.9948];
yMeasure(2, 29, :) = [0.1816      3.1355];
yMeasure(2, 30, :) = [-0.028676      3.1681];
yMeasure(2, 31, :) = [-0.011312      3.2145];
yMeasure(2, 32, :) = [0.12436      3.2668];
yMeasure(2, 33, :) = [0.073036      3.3283];
yMeasure(2, 34, :) = [0.029735      3.3715];
yMeasure(2, 35, :) = [0.046914      3.3665];
yMeasure(2, 36, :) = [0.07866      3.3839];
yMeasure(2, 37, :) = [-0.0050186      3.4413];
yMeasure(2, 38, :) = [0.081555       3.548];
yMeasure(2, 39, :) = [0.06717      3.4644];
yMeasure(2, 40, :) = [0.027564      3.5331];
yMeasure(2, 41, :) = [0.037189      3.6494];
yMeasure(2, 42, :) = [-0.0057366      3.6744];
yMeasure(2, 43, :) = [-0.018846      3.6411];
yMeasure(2, 44, :) = [0.0030281      3.6883];
yMeasure(2, 45, :) = [0.072522      3.7226];
yMeasure(2, 46, :) = [0.0078829      3.7474];
yMeasure(2, 47, :) = [-0.0038232      3.6689];
yMeasure(2, 48, :) = [-0.031219      3.7987];
yMeasure(2, 49, :) = [-0.039851      3.8635];
yMeasure(2, 50, :) = [0.017082      3.9979];
yMeasure(2, 51, :) = [0.067208      3.8285];
yMeasure(2, 52, :) = [0.076051      3.8954];
yMeasure(2, 53, :) = [0.04182      3.9326];
yMeasure(2, 54, :) = [-0.0022604      3.9288];
yMeasure(2, 55, :) = [-0.005765      3.9655];
yMeasure(2, 56, :) = [0.030357      3.9254];
yMeasure(2, 57, :) = [0.058442      4.0378];
yMeasure(2, 58, :) = [0.059807      4.0387];
yMeasure(2, 59, :) = [-0.095298      4.1118];
yMeasure(2, 60, :) = [0.0079027      4.1078];
yMeasure(2, 61, :) = [-0.038512      4.1774];
yMeasure(2, 62, :) = [-0.014113      4.2238];
yMeasure(2, 63, :) = [0.095853      4.1669];
yMeasure(2, 64, :) = [-0.030124      4.1163];
yMeasure(2, 65, :) = [-0.075759      4.2074];
yMeasure(2, 66, :) = [0.016977      4.2815];
yMeasure(2, 67, :) = [0.0016116      4.2227];
yMeasure(2, 68, :) = [-0.013218      4.2622];
yMeasure(2, 69, :) = [0.05127      4.2094];
yMeasure(2, 70, :) = [0.035354      4.3476];
yMeasure(2, 71, :) = [0.025605      4.3063];
yMeasure(2, 72, :) = [-0.0072663      4.2785];
yMeasure(2, 73, :) = [0.023869      4.2291];
yMeasure(2, 74, :) = [-0.008409      4.2911];
yMeasure(2, 75, :) = [0.015261      4.2864];
yMeasure(2, 76, :) = [0.034597       4.325];
