function yMeasure = getMeasuredData()

yMeasure = nan(5, 100 , 2);
yMeasure(1, 1, :) = [1.272     0.59436];
yMeasure(1, 2, :) = [1.0279      0.6124];
yMeasure(1, 3, :) = [0.85601     0.63877];
yMeasure(1, 4, :) = [0.83834     0.66761];
yMeasure(1, 5, :) = [0.76765      0.7799];
yMeasure(1, 6, :) = [0.73217     0.84001];
yMeasure(1, 7, :) = [0.55008     0.87304];
yMeasure(1, 8, :) = [0.43858     0.88986];
yMeasure(1, 9, :) = [0.55069      1.0002];
yMeasure(1, 10, :) = [0.43813     0.96095];
yMeasure(1, 11, :) = [0.32799      1.0654];
yMeasure(1, 12, :) = [0.31958      1.1794];
yMeasure(1, 13, :) = [0.27361       1.151];
yMeasure(1, 14, :) = [0.34161      1.1686];
yMeasure(1, 15, :) = [0.28542      1.3576];
yMeasure(1, 16, :) = [0.24264       1.297];
yMeasure(1, 17, :) = [0.2195      1.3796];
yMeasure(1, 18, :) = [0.14543      1.3647];
yMeasure(1, 19, :) = [0.21715      1.4658];
yMeasure(1, 20, :) = [0.1676      1.5203];
yMeasure(1, 21, :) = [0.1217      1.5419];
yMeasure(1, 22, :) = [0.11154      1.6017];
yMeasure(1, 23, :) = [0.10316      1.6884];
yMeasure(1, 24, :) = [0.052689      1.5998];
yMeasure(1, 25, :) = [0.12412      1.7212];
yMeasure(1, 26, :) = [0.14777      1.6512];
yMeasure(1, 27, :) = [0.19398      1.7911];
yMeasure(1, 28, :) = [0.088505      1.9241];
yMeasure(1, 29, :) = [0.016009      1.9115];
yMeasure(1, 30, :) = [0.061736      1.9001];
yMeasure(1, 31, :) = [-0.003453      1.9185];
yMeasure(1, 32, :) = [0.012006      1.9958];
yMeasure(1, 33, :) = [0.0059748      2.0553];
yMeasure(1, 34, :) = [-0.0060295      2.0353];
yMeasure(1, 35, :) = [0.051624      2.1466];
yMeasure(1, 36, :) = [-0.025614      2.0554];
yMeasure(1, 37, :) = [0.061242      2.0257];
yMeasure(1, 38, :) = [0.065636      2.1168];
yMeasure(1, 39, :) = [0.075958       2.172];
yMeasure(1, 40, :) = [0.021465      2.1903];
yMeasure(1, 41, :) = [0.052012      2.1927];
yMeasure(1, 42, :) = [0.10993      2.3273];
yMeasure(1, 43, :) = [0.021274      2.2043];
yMeasure(1, 44, :) = [0.0086803      2.2843];
yMeasure(1, 45, :) = [0.10524      2.2836];
yMeasure(1, 46, :) = [-0.1097      2.3308];
yMeasure(1, 47, :) = [-0.0078876       2.343];
yMeasure(1, 48, :) = [0.13572      2.4213];
yMeasure(1, 49, :) = [-0.010051      2.3658];
yMeasure(1, 50, :) = [-0.015124      2.3967];
yMeasure(1, 51, :) = [-0.049017       2.462];
yMeasure(1, 52, :) = [0.051408      2.5298];
yMeasure(1, 53, :) = [-0.094245       2.401];
yMeasure(1, 54, :) = [-0.029195      2.6012];
yMeasure(1, 55, :) = [0.038676      2.4843];
yMeasure(1, 56, :) = [0.0098335       2.577];
yMeasure(1, 57, :) = [0.040704      2.6131];
yMeasure(1, 58, :) = [0.015454      2.6422];
yMeasure(1, 59, :) = [0.04282      2.5652];
yMeasure(1, 60, :) = [-0.055931      2.6068];
yMeasure(1, 61, :) = [0.019024      2.6115];
yMeasure(1, 62, :) = [-0.070512       2.603];
yMeasure(1, 63, :) = [0.046691      2.6601];
yMeasure(1, 64, :) = [-0.0082763      2.6773];
yMeasure(1, 65, :) = [0.039758      2.6541];
yMeasure(1, 66, :) = [-0.020131      2.6904];
yMeasure(1, 67, :) = [0.022937      2.8291];
yMeasure(1, 68, :) = [0.058982      2.7064];
yMeasure(1, 69, :) = [-0.092922      2.7532];
yMeasure(1, 70, :) = [-0.087513      2.7052];
yMeasure(1, 71, :) = [-0.085958      2.7122];
yMeasure(1, 72, :) = [0.047901      2.7313];
yMeasure(1, 73, :) = [0.02555      2.7864];
yMeasure(1, 74, :) = [-0.030006      2.7275];
yMeasure(1, 75, :) = [0.079903       2.684];
yMeasure(1, 76, :) = [0.011681      2.7881];
yMeasure(1, 77, :) = [-0.074703      2.7721];
yMeasure(1, 78, :) = [-0.046466      2.8162];
yMeasure(1, 79, :) = [-0.064911      2.8144];
yMeasure(1, 80, :) = [0.051959      2.8543];
yMeasure(1, 81, :) = [-0.025971      2.8704];
yMeasure(1, 82, :) = [-0.054634      2.7664];
yMeasure(1, 83, :) = [-0.025015      2.7635];
yMeasure(1, 84, :) = [-0.038095      2.8716];
yMeasure(1, 85, :) = [0.046265      2.8684];
yMeasure(1, 86, :) = [0.027377      2.8126];
yMeasure(1, 87, :) = [0.018524      2.9276];
yMeasure(1, 88, :) = [0.024099      2.8734];
yMeasure(1, 89, :) = [0.0053655      2.8837];
yMeasure(1, 90, :) = [-0.044316      2.8969];
yMeasure(1, 91, :) = [0.03012      2.9264];
yMeasure(1, 92, :) = [-0.038101      2.9702];
yMeasure(1, 93, :) = [-0.050721       2.886];
yMeasure(1, 94, :) = [-0.050909      2.8175];
yMeasure(1, 95, :) = [0.046198      2.9596];
yMeasure(1, 96, :) = [0.051701      2.8672];
yMeasure(1, 97, :) = [-0.085363      2.9803];
yMeasure(1, 98, :) = [-0.0048945       2.893];
yMeasure(1, 99, :) = [0.015042      3.0013];
yMeasure(1, 100, :) = [-0.028137      2.8905];
yMeasure(2, 1, :) = [1.5994     0.57089];
yMeasure(2, 2, :) = [1.4697     0.69917];
yMeasure(2, 3, :) = [1.1841     0.69289];
yMeasure(2, 4, :) = [1.156     0.69892];
yMeasure(2, 5, :) = [1.0381     0.82536];
yMeasure(2, 6, :) = [0.91987     0.89363];
yMeasure(2, 7, :) = [0.8328     0.92219];
yMeasure(2, 8, :) = [0.88449      1.0356];
yMeasure(2, 9, :) = [0.70134      1.0736];
yMeasure(2, 10, :) = [0.65439      1.1115];
yMeasure(2, 11, :) = [0.56523      1.1796];
yMeasure(2, 12, :) = [0.52359       1.264];
yMeasure(2, 13, :) = [0.49043      1.2779];
yMeasure(2, 14, :) = [0.56341      1.3057];
yMeasure(2, 15, :) = [0.41933      1.4085];
yMeasure(2, 16, :) = [0.36777        1.48];
yMeasure(2, 17, :) = [0.34561      1.5555];
yMeasure(2, 18, :) = [0.37173      1.5843];
yMeasure(2, 19, :) = [0.24038       1.618];
yMeasure(2, 20, :) = [0.30976      1.7249];
yMeasure(2, 21, :) = [0.18609      1.7427];
yMeasure(2, 22, :) = [0.22227      1.8412];
yMeasure(2, 23, :) = [0.11548      1.8479];
yMeasure(2, 24, :) = [0.21341      1.9027];
yMeasure(2, 25, :) = [0.20275       1.948];
yMeasure(2, 26, :) = [0.11684      1.9551];
yMeasure(2, 27, :) = [0.15176      2.0024];
yMeasure(2, 28, :) = [0.13016      2.0472];
yMeasure(2, 29, :) = [0.16746        2.23];
yMeasure(2, 30, :) = [0.1047      2.1752];
yMeasure(2, 31, :) = [0.14022      2.2756];
yMeasure(2, 32, :) = [0.073452      2.2884];
yMeasure(2, 33, :) = [0.038916      2.4051];
yMeasure(2, 34, :) = [0.06238      2.3987];
yMeasure(2, 35, :) = [0.048084      2.3302];
yMeasure(2, 36, :) = [0.096631      2.4132];
yMeasure(2, 37, :) = [0.044874      2.5112];
yMeasure(2, 38, :) = [0.0013404      2.5171];
yMeasure(2, 39, :) = [0.031891       2.651];
yMeasure(2, 40, :) = [0.09572      2.5693];
yMeasure(2, 41, :) = [0.012604      2.5272];
yMeasure(2, 42, :) = [-0.002186      2.6591];
yMeasure(2, 43, :) = [0.077637      2.6225];
yMeasure(2, 44, :) = [0.031457      2.7008];
yMeasure(2, 45, :) = [0.0064391      2.7816];
yMeasure(2, 46, :) = [-0.013984      2.7716];
yMeasure(2, 47, :) = [-0.052489      2.7988];
yMeasure(2, 48, :) = [0.02787      2.8008];
yMeasure(2, 49, :) = [0.0031741      2.8293];
yMeasure(2, 50, :) = [0.033903      2.8567];
yMeasure(2, 51, :) = [-0.055839      2.7464];
yMeasure(2, 52, :) = [0.082189      2.9297];
yMeasure(2, 53, :) = [0.039642      2.9825];
yMeasure(2, 54, :) = [-0.063799      2.8904];
yMeasure(2, 55, :) = [0.066692      2.9008];
yMeasure(2, 56, :) = [-0.016183      3.0289];
yMeasure(2, 57, :) = [0.027711      2.9428];
yMeasure(2, 58, :) = [0.023017      2.9539];
yMeasure(2, 59, :) = [-0.032386      3.0964];
yMeasure(2, 60, :) = [-0.13203      3.0427];
yMeasure(2, 61, :) = [0.037359      3.1555];
yMeasure(2, 62, :) = [-0.0069504      3.0461];
yMeasure(2, 63, :) = [-0.020147      3.0968];
yMeasure(2, 64, :) = [0.030309      3.1559];
yMeasure(2, 65, :) = [-0.025483      3.1871];
yMeasure(2, 66, :) = [0.042217      3.1983];
yMeasure(2, 67, :) = [0.015876      3.1993];
yMeasure(2, 68, :) = [-0.041544      3.1926];
yMeasure(2, 69, :) = [0.049569      3.1891];
yMeasure(2, 70, :) = [0.031173      3.2556];
yMeasure(2, 71, :) = [0.069791      3.2253];
yMeasure(2, 72, :) = [-0.037702      3.2784];
yMeasure(2, 73, :) = [-0.038076       3.324];
yMeasure(2, 74, :) = [0.022124       3.169];
yMeasure(2, 75, :) = [0.039591      3.3832];
yMeasure(2, 76, :) = [0.047435      3.2726];
yMeasure(2, 77, :) = [0.0061547      3.3808];
