function yMeasure = getMeasuredData()

yMeasure = nan(5, 100 , 2);
yMeasure(1, 1, :) = [0.90456      0.6416];
yMeasure(1, 2, :) = [0.57208     0.59649];
yMeasure(1, 3, :) = [0.50447     0.73015];
yMeasure(1, 4, :) = [0.31489     0.75546];
yMeasure(1, 5, :) = [0.29113     0.86528];
yMeasure(1, 6, :) = [0.24097     0.86003];
yMeasure(1, 7, :) = [0.16951     0.86119];
yMeasure(1, 8, :) = [0.11179     0.97025];
yMeasure(1, 9, :) = [0.084165      1.0538];
yMeasure(1, 10, :) = [0.032596      1.1039];
yMeasure(1, 11, :) = [-0.0085112      1.1889];
yMeasure(1, 12, :) = [0.050677      1.1679];
yMeasure(1, 13, :) = [0.0028699      1.2239];
yMeasure(1, 14, :) = [0.072931      1.2307];
yMeasure(1, 15, :) = [0.059492      1.3337];
yMeasure(1, 16, :) = [0.078317      1.4353];
yMeasure(1, 17, :) = [0.034947      1.3868];
yMeasure(1, 18, :) = [0.062121       1.441];
yMeasure(1, 19, :) = [0.071693      1.5483];
yMeasure(1, 20, :) = [0.072545       1.503];
yMeasure(1, 21, :) = [-0.065034      1.5075];
yMeasure(1, 22, :) = [0.016162      1.5998];
yMeasure(1, 23, :) = [-0.029677      1.5954];
yMeasure(1, 24, :) = [0.050482      1.6705];
yMeasure(1, 25, :) = [0.040103      1.7392];
yMeasure(1, 26, :) = [-0.015463      1.6555];
yMeasure(1, 27, :) = [0.0055564      1.7889];
yMeasure(1, 28, :) = [-0.017065      1.7543];
yMeasure(1, 29, :) = [-0.021824      1.8985];
yMeasure(1, 30, :) = [0.030361      1.8511];
yMeasure(1, 31, :) = [0.11233      1.8939];
yMeasure(1, 32, :) = [0.072275      1.9382];
yMeasure(1, 33, :) = [0.097886      1.9934];
yMeasure(1, 34, :) = [0.029585      1.8987];
yMeasure(1, 35, :) = [-0.055367      1.9179];
yMeasure(1, 36, :) = [-0.041304      2.0361];
yMeasure(1, 37, :) = [-0.00056214      2.1015];
yMeasure(1, 38, :) = [0.010936      2.0919];
yMeasure(1, 39, :) = [0.032808      2.0098];
yMeasure(1, 40, :) = [-0.059466      2.1072];
yMeasure(1, 41, :) = [0.12488      2.1758];
yMeasure(1, 42, :) = [0.04581      2.1227];
yMeasure(1, 43, :) = [0.015423      2.1435];
yMeasure(1, 44, :) = [-0.031928      2.2139];
yMeasure(1, 45, :) = [-0.10416      2.2478];
yMeasure(1, 46, :) = [-0.052493      2.2697];
yMeasure(1, 47, :) = [0.094499       2.227];
yMeasure(1, 48, :) = [0.055458      2.2405];
yMeasure(1, 49, :) = [-0.048174      2.2806];
yMeasure(1, 50, :) = [0.039566      2.2226];
yMeasure(1, 51, :) = [0.0060459      2.2895];
yMeasure(1, 52, :) = [-0.018962      2.3697];
yMeasure(1, 53, :) = [0.043962      2.3408];
yMeasure(1, 54, :) = [0.10964      2.3643];
yMeasure(1, 55, :) = [0.01293      2.2981];
yMeasure(1, 56, :) = [-0.028174      2.3427];
yMeasure(1, 57, :) = [-0.074604      2.3664];
yMeasure(1, 58, :) = [0.097242      2.3311];
yMeasure(1, 59, :) = [-0.028916      2.4063];
yMeasure(1, 60, :) = [-0.034374      2.3348];
yMeasure(1, 61, :) = [-0.023094      2.3902];
yMeasure(1, 62, :) = [-0.013562      2.4572];
yMeasure(1, 63, :) = [0.07779      2.4127];
yMeasure(1, 64, :) = [0.051634      2.4561];
yMeasure(1, 65, :) = [0.045562      2.5016];
yMeasure(1, 66, :) = [0.07268      2.5012];
yMeasure(1, 67, :) = [0.035506       2.442];
yMeasure(1, 68, :) = [0.022627      2.5221];
yMeasure(1, 69, :) = [-0.017745      2.4529];
yMeasure(1, 70, :) = [0.014962      2.4749];
yMeasure(1, 71, :) = [0.0082692      2.4888];
yMeasure(1, 72, :) = [-0.011874      2.5131];
yMeasure(1, 73, :) = [0.065392      2.5224];
yMeasure(1, 74, :) = [-0.031455      2.4256];
yMeasure(1, 75, :) = [-0.0773      2.4899];
yMeasure(1, 76, :) = [-0.032594      2.4831];
yMeasure(1, 77, :) = [-0.039125      2.5514];
yMeasure(1, 78, :) = [0.0082944      2.5209];
yMeasure(1, 79, :) = [0.051078      2.4621];
yMeasure(1, 80, :) = [0.018785      2.4277];
yMeasure(1, 81, :) = [-0.0048162      2.5161];
yMeasure(1, 82, :) = [0.04679      2.6682];
yMeasure(1, 83, :) = [-0.0417      2.5811];
yMeasure(1, 84, :) = [-0.039058       2.588];
yMeasure(1, 85, :) = [-0.015959      2.5753];
yMeasure(1, 86, :) = [-0.013252      2.6399];
yMeasure(1, 87, :) = [-0.038473      2.6086];
yMeasure(1, 88, :) = [-0.0034109      2.6292];
yMeasure(1, 89, :) = [0.027432      2.5773];
yMeasure(1, 90, :) = [0.036696      2.6068];
yMeasure(1, 91, :) = [-0.018386      2.6494];
yMeasure(1, 92, :) = [-0.086279      2.6307];
yMeasure(1, 93, :) = [0.02675       2.635];
yMeasure(1, 94, :) = [0.048268      2.7147];
yMeasure(1, 95, :) = [0.0029932      2.6993];
yMeasure(1, 96, :) = [0.13086      2.6214];
yMeasure(1, 97, :) = [0.0075787      2.7202];
yMeasure(1, 98, :) = [0.076782      2.5849];
yMeasure(1, 99, :) = [0.13049      2.6121];
yMeasure(1, 100, :) = [-0.064549      2.6019];
yMeasure(2, 1, :) = [2.2657     0.84616];
yMeasure(2, 2, :) = [2.1169     0.94201];
yMeasure(2, 3, :) = [2.0187     0.99293];
yMeasure(2, 4, :) = [1.9256       1.082];
yMeasure(2, 5, :) = [1.8974      1.0707];
yMeasure(2, 6, :) = [1.7539      1.1545];
yMeasure(2, 7, :) = [1.743      1.1213];
yMeasure(2, 8, :) = [1.6854      1.3131];
yMeasure(2, 9, :) = [1.775      1.3911];
yMeasure(2, 10, :) = [1.5632      1.3566];
yMeasure(2, 11, :) = [1.6626      1.4209];
yMeasure(2, 12, :) = [1.5677      1.4877];
yMeasure(2, 13, :) = [1.4736      1.5825];
yMeasure(2, 14, :) = [1.3401      1.6029];
yMeasure(2, 15, :) = [1.258      1.6493];
yMeasure(2, 16, :) = [1.3489      1.7482];
yMeasure(2, 17, :) = [1.2477      1.6854];
yMeasure(2, 18, :) = [1.2861      1.8363];
yMeasure(2, 19, :) = [1.1171      1.8856];
yMeasure(2, 20, :) = [1.0973      2.0146];
yMeasure(2, 21, :) = [1.0937      2.0248];
yMeasure(2, 22, :) = [1.0333      2.0443];
yMeasure(2, 23, :) = [0.9988      2.0505];
yMeasure(2, 24, :) = [1.0457      2.1947];
yMeasure(2, 25, :) = [0.78343      2.2421];
yMeasure(2, 26, :) = [0.76903      2.3079];
yMeasure(2, 27, :) = [0.83956      2.3388];
yMeasure(2, 28, :) = [0.77303      2.3977];
yMeasure(2, 29, :) = [0.80153      2.3814];
yMeasure(2, 30, :) = [0.64863      2.4578];
yMeasure(2, 31, :) = [0.56579      2.5597];
yMeasure(2, 32, :) = [0.61247      2.6332];
yMeasure(2, 33, :) = [0.54218      2.5379];
yMeasure(2, 34, :) = [0.583      2.6473];
yMeasure(2, 35, :) = [0.41652       2.713];
yMeasure(2, 36, :) = [0.47282      2.7314];
yMeasure(2, 37, :) = [0.38078       2.871];
yMeasure(2, 38, :) = [0.356      2.8466];
yMeasure(2, 39, :) = [0.39138      2.9373];
yMeasure(2, 40, :) = [0.25581      2.9248];
yMeasure(2, 41, :) = [0.34459      3.0652];
yMeasure(2, 42, :) = [0.24088      3.0465];
yMeasure(2, 43, :) = [0.30136      3.1331];
yMeasure(2, 44, :) = [0.30699      3.1084];
yMeasure(2, 45, :) = [0.24561       3.258];
yMeasure(2, 46, :) = [0.29234      3.2046];
yMeasure(2, 47, :) = [0.19608      3.3391];
yMeasure(2, 48, :) = [0.25329      3.2908];
yMeasure(2, 49, :) = [0.20463      3.3283];
yMeasure(2, 50, :) = [0.13824      3.3676];
yMeasure(2, 51, :) = [0.06419      3.4085];
yMeasure(2, 52, :) = [0.19055      3.5232];
yMeasure(2, 53, :) = [0.18355      3.5797];
yMeasure(2, 54, :) = [0.12442      3.6297];
yMeasure(2, 55, :) = [0.042637      3.6281];
yMeasure(2, 56, :) = [0.048387      3.5918];
yMeasure(2, 57, :) = [0.0304      3.6022];
yMeasure(2, 58, :) = [0.069108        3.72];
yMeasure(2, 59, :) = [0.048323      3.7782];
yMeasure(2, 60, :) = [0.17851      3.7327];
yMeasure(2, 61, :) = [0.12468      3.7979];
yMeasure(2, 62, :) = [-0.046688      3.7287];
yMeasure(2, 63, :) = [-0.053111      3.8181];
yMeasure(2, 64, :) = [0.099888      3.9384];
yMeasure(2, 65, :) = [0.058175      3.8914];
yMeasure(2, 66, :) = [0.086615      3.8885];
yMeasure(2, 67, :) = [0.016035       3.953];
yMeasure(2, 68, :) = [0.04687      3.9475];
yMeasure(2, 69, :) = [0.057543      4.1145];
yMeasure(2, 70, :) = [-2.7938e-05      4.0139];
yMeasure(2, 71, :) = [0.032514      4.0341];
yMeasure(2, 72, :) = [0.025542      4.1038];
yMeasure(2, 73, :) = [0.035403      4.0793];
yMeasure(2, 74, :) = [0.0099705      4.0816];
yMeasure(2, 75, :) = [0.0070592      4.0565];
yMeasure(2, 76, :) = [0.016556      4.1341];
yMeasure(2, 77, :) = [0.005375      4.2768];
