function yMeasure = getMeasuredData()

yMeasure = nan(1, 50 , 2);
yMeasure(1, 1, :) = [0.93533     0.97227];
yMeasure(1, 2, :) = [0.81023      1.0255];
yMeasure(1, 3, :) = [0.73294      1.0139];
yMeasure(1, 4, :) = [0.55623      1.1521];
yMeasure(1, 5, :) = [0.50918      1.3172];
yMeasure(1, 6, :) = [0.47368      1.3681];
yMeasure(1, 7, :) = [0.44264      1.3978];
yMeasure(1, 8, :) = [0.43963      1.5036];
yMeasure(1, 9, :) = [0.31945      1.6267];
yMeasure(1, 10, :) = [0.35228      1.6419];
yMeasure(1, 11, :) = [0.27263      1.8155];
yMeasure(1, 12, :) = [0.27149      1.8076];
yMeasure(1, 13, :) = [0.18719      2.0005];
yMeasure(1, 14, :) = [0.12002       1.924];
yMeasure(1, 15, :) = [0.054539      2.0533];
yMeasure(1, 16, :) = [0.11561        2.03];
yMeasure(1, 17, :) = [0.13111      2.1298];
yMeasure(1, 18, :) = [0.060774      2.1936];
yMeasure(1, 19, :) = [0.036055      2.2978];
yMeasure(1, 20, :) = [0.037525      2.3767];
yMeasure(1, 21, :) = [-0.01017      2.3938];
yMeasure(1, 22, :) = [0.013226      2.4066];
yMeasure(1, 23, :) = [0.023348      2.5101];
yMeasure(1, 24, :) = [0.030168      2.5508];
yMeasure(1, 25, :) = [0.021008      2.5561];
yMeasure(1, 26, :) = [0.051736      2.6157];
yMeasure(1, 27, :) = [0.024141      2.6426];
yMeasure(1, 28, :) = [0.10731      2.6054];
yMeasure(1, 29, :) = [0.030483      2.7236];
yMeasure(1, 30, :) = [0.10364      2.6819];
yMeasure(1, 31, :) = [-0.023991      2.7118];
yMeasure(1, 32, :) = [0.037409      2.7766];
yMeasure(1, 33, :) = [-0.0028741      2.7765];
yMeasure(1, 34, :) = [0.039315      2.8079];
yMeasure(1, 35, :) = [0.038273      2.8656];
yMeasure(1, 36, :) = [-0.10138      2.9082];
yMeasure(1, 37, :) = [-0.059011      2.8648];
yMeasure(1, 38, :) = [-0.065234      2.9087];
yMeasure(1, 39, :) = [0.026433       2.897];
yMeasure(1, 40, :) = [0.079419       2.936];
yMeasure(1, 41, :) = [-0.010827      2.9611];
yMeasure(1, 42, :) = [0.04577       2.922];
yMeasure(1, 43, :) = [0.0321      2.9795];
yMeasure(1, 44, :) = [-0.048061      3.0079];
yMeasure(1, 45, :) = [0.024115      2.9938];
yMeasure(1, 46, :) = [-0.033608      3.0863];
yMeasure(1, 47, :) = [0.079565      2.9794];
yMeasure(1, 48, :) = [0.0019057      2.9824];
yMeasure(1, 49, :) = [0.085133      2.9406];
yMeasure(1, 50, :) = [-0.018106      3.0818];

 end