function yMeasure = getMeasuredData()

yMeasure = nan(1, 50 , 2);
yMeasure(1, 1, :) = [1.5928     0.48963];
yMeasure(1, 2, :) = [0.89062     0.57782];
yMeasure(1, 3, :) = [0.71489     0.71951];
yMeasure(1, 4, :) = [0.48727     0.83056];
yMeasure(1, 5, :) = [0.30547      1.0231];
yMeasure(1, 6, :) = [0.33583      1.1809];
yMeasure(1, 7, :) = [0.2153      1.3574];
yMeasure(1, 8, :) = [0.26365      1.4296];
yMeasure(1, 9, :) = [0.038591      1.5301];
yMeasure(1, 10, :) = [0.11841      1.6576];
yMeasure(1, 11, :) = [0.088446      1.7956];
yMeasure(1, 12, :) = [0.097644      1.8239];
yMeasure(1, 13, :) = [0.023232      2.0079];
yMeasure(1, 14, :) = [0.056049      2.0642];
yMeasure(1, 15, :) = [-0.048146      2.0344];
yMeasure(1, 16, :) = [0.031781      2.2135];
yMeasure(1, 17, :) = [-0.040898      2.2331];
yMeasure(1, 18, :) = [-0.008201      2.3305];
yMeasure(1, 19, :) = [-0.010183      2.3407];
yMeasure(1, 20, :) = [-0.025235      2.4815];
yMeasure(1, 21, :) = [-0.024713      2.6433];
yMeasure(1, 22, :) = [0.056191      2.6277];
yMeasure(1, 23, :) = [0.00031277      2.6268];
yMeasure(1, 24, :) = [0.024943      2.7243];
yMeasure(1, 25, :) = [0.051101      2.7224];
yMeasure(1, 26, :) = [0.017319      2.7768];
yMeasure(1, 27, :) = [0.010175      2.7525];
yMeasure(1, 28, :) = [0.022716      2.8081];
yMeasure(1, 29, :) = [0.011926      2.8623];
yMeasure(1, 30, :) = [-0.070533      2.9141];
yMeasure(1, 31, :) = [0.072895      2.9423];
yMeasure(1, 32, :) = [0.027183        2.92];
yMeasure(1, 33, :) = [0.096739      3.0342];
yMeasure(1, 34, :) = [0.041058      3.0719];
yMeasure(1, 35, :) = [-0.080565      3.0862];
yMeasure(1, 36, :) = [0.048019      3.0869];
yMeasure(1, 37, :) = [0.030726      3.1092];
yMeasure(1, 38, :) = [0.026704      3.1067];
yMeasure(1, 39, :) = [-0.068056      3.0572];
yMeasure(1, 40, :) = [-0.049352      3.1477];
yMeasure(1, 41, :) = [0.056634      3.0888];
yMeasure(1, 42, :) = [-0.00079074      3.2118];
yMeasure(1, 43, :) = [-0.023119      3.2513];
yMeasure(1, 44, :) = [-0.024466      3.0934];
yMeasure(1, 45, :) = [-0.092852      3.2053];
yMeasure(1, 46, :) = [0.067069      3.1427];
yMeasure(1, 47, :) = [0.051611      3.2571];
yMeasure(1, 48, :) = [-0.020594      3.2038];
yMeasure(1, 49, :) = [0.12779      3.1297];
yMeasure(1, 50, :) = [-0.025206      3.1935];

 end