function yMeasure = getMeasuredData()

yMeasure = nan(5, 100 , 2);
yMeasure(1, 1, :) = [1.075      0.6295];
yMeasure(1, 2, :) = [1.0037     0.67554];
yMeasure(1, 3, :) = [0.97656     0.67378];
yMeasure(1, 4, :) = [0.96616     0.75269];
yMeasure(1, 5, :) = [0.89582     0.88276];
yMeasure(1, 6, :) = [0.84878     0.76911];
yMeasure(1, 7, :) = [0.81868     0.85455];
yMeasure(1, 8, :) = [0.77497     0.79953];
yMeasure(1, 9, :) = [0.7031     0.94737];
yMeasure(1, 10, :) = [0.75206     0.86109];
yMeasure(1, 11, :) = [0.75527     0.94912];
yMeasure(1, 12, :) = [0.63129     0.93683];
yMeasure(1, 13, :) = [0.72851      1.0224];
yMeasure(1, 14, :) = [0.59825      1.0262];
yMeasure(1, 15, :) = [0.57058      1.0522];
yMeasure(1, 16, :) = [0.51425      1.2304];
yMeasure(1, 17, :) = [0.49654      1.0799];
yMeasure(1, 18, :) = [0.46614      1.1373];
yMeasure(1, 19, :) = [0.50971      1.3019];
yMeasure(1, 20, :) = [0.55065      1.1383];
yMeasure(1, 21, :) = [0.47652      1.2509];
yMeasure(1, 22, :) = [0.47276      1.1968];
yMeasure(1, 23, :) = [0.4776      1.3294];
yMeasure(1, 24, :) = [0.26653      1.3211];
yMeasure(1, 25, :) = [0.36465       1.364];
yMeasure(1, 26, :) = [0.37274      1.3439];
yMeasure(1, 27, :) = [0.37356      1.3962];
yMeasure(1, 28, :) = [0.25558      1.4835];
yMeasure(1, 29, :) = [0.25419      1.3217];
yMeasure(1, 30, :) = [0.32822       1.379];
yMeasure(1, 31, :) = [0.26761      1.5064];
yMeasure(1, 32, :) = [0.28637      1.4776];
yMeasure(1, 33, :) = [0.1965      1.5198];
yMeasure(1, 34, :) = [0.1492      1.4838];
yMeasure(1, 35, :) = [0.25584      1.5371];
yMeasure(1, 36, :) = [0.26488      1.5855];
yMeasure(1, 37, :) = [0.27478      1.5924];
yMeasure(1, 38, :) = [0.10505       1.608];
yMeasure(1, 39, :) = [0.10383      1.6525];
yMeasure(1, 40, :) = [0.086515      1.6484];
yMeasure(1, 41, :) = [0.14814      1.7842];
yMeasure(1, 42, :) = [0.10995      1.6889];
yMeasure(1, 43, :) = [0.19743      1.8501];
yMeasure(1, 44, :) = [0.050441      1.7609];
yMeasure(1, 45, :) = [0.028029      1.7271];
yMeasure(1, 46, :) = [0.11784      1.7885];
yMeasure(1, 47, :) = [0.16007      1.8854];
yMeasure(1, 48, :) = [0.053549      1.9104];
yMeasure(1, 49, :) = [0.024086      1.8842];
yMeasure(1, 50, :) = [0.073981      1.9087];
yMeasure(1, 51, :) = [-0.0059046      1.9437];
yMeasure(1, 52, :) = [0.071608      1.8565];
yMeasure(1, 53, :) = [0.10732      1.9173];
yMeasure(1, 54, :) = [0.072274      1.8715];
yMeasure(1, 55, :) = [-0.038275      1.9568];
yMeasure(1, 56, :) = [0.026444      2.0425];
yMeasure(1, 57, :) = [0.034558      2.0464];
yMeasure(1, 58, :) = [0.13697        2.14];
yMeasure(1, 59, :) = [0.088916      2.0487];
yMeasure(1, 60, :) = [0.037427      1.9469];
yMeasure(1, 61, :) = [0.10307      2.1531];
yMeasure(1, 62, :) = [-0.017108      2.1464];
yMeasure(1, 63, :) = [0.015432      2.0664];
yMeasure(1, 64, :) = [0.10136      2.1196];
yMeasure(1, 65, :) = [0.1039      2.1601];
yMeasure(1, 66, :) = [0.063487      2.1526];
yMeasure(1, 67, :) = [0.049841      2.1801];
yMeasure(1, 68, :) = [-0.0055411      2.1512];
yMeasure(1, 69, :) = [0.059587      2.1662];
yMeasure(1, 70, :) = [-0.020388      2.1835];
yMeasure(1, 71, :) = [0.048533      2.1503];
yMeasure(1, 72, :) = [0.032778      2.2713];
yMeasure(1, 73, :) = [0.074611      2.2105];
yMeasure(1, 74, :) = [-0.0046154      2.2543];
yMeasure(1, 75, :) = [0.047596      2.1868];
yMeasure(1, 76, :) = [0.054624       2.185];
yMeasure(1, 77, :) = [-0.030722      2.2432];
yMeasure(1, 78, :) = [0.021292      2.2438];
yMeasure(1, 79, :) = [0.092682      2.3247];
yMeasure(1, 80, :) = [0.017826      2.3035];
yMeasure(1, 81, :) = [-0.0038034      2.3082];
yMeasure(1, 82, :) = [0.03392      2.2167];
yMeasure(1, 83, :) = [-0.0031687      2.2481];
yMeasure(1, 84, :) = [0.032274      2.3139];
yMeasure(1, 85, :) = [0.0029376      2.2935];
yMeasure(1, 86, :) = [0.0083431      2.3822];
yMeasure(1, 87, :) = [0.031911      2.3915];
yMeasure(1, 88, :) = [0.076623      2.3019];
yMeasure(1, 89, :) = [0.030755       2.381];
yMeasure(1, 90, :) = [0.090254      2.4131];
yMeasure(1, 91, :) = [-0.09389      2.3653];
yMeasure(1, 92, :) = [-0.015225      2.4361];
yMeasure(1, 93, :) = [0.018763      2.4137];
yMeasure(1, 94, :) = [-0.035057      2.3767];
yMeasure(1, 95, :) = [-0.057343       2.415];
yMeasure(1, 96, :) = [0.037072       2.386];
yMeasure(1, 97, :) = [0.036632      2.3605];
yMeasure(1, 98, :) = [0.020253       2.404];
yMeasure(1, 99, :) = [0.025347      2.3925];
yMeasure(1, 100, :) = [-0.03814       2.377];
yMeasure(2, 1, :) = [0.77079       2.906];
yMeasure(2, 2, :) = [0.63902      2.7866];
yMeasure(2, 3, :) = [0.71618      2.9044];
yMeasure(2, 4, :) = [0.52168      3.0111];
yMeasure(2, 5, :) = [0.52578      3.0194];
yMeasure(2, 6, :) = [0.54133      3.0337];
yMeasure(2, 7, :) = [0.56624      3.0891];
yMeasure(2, 8, :) = [0.41498      3.1574];
yMeasure(2, 9, :) = [0.33246      3.1421];
yMeasure(2, 10, :) = [0.38614      3.1298];
yMeasure(2, 11, :) = [0.25566      3.1918];
yMeasure(2, 12, :) = [0.28518      3.2232];
yMeasure(2, 13, :) = [0.29109      3.3108];
yMeasure(2, 14, :) = [0.33194      3.3186];
yMeasure(2, 15, :) = [0.31053       3.357];
yMeasure(2, 16, :) = [0.21971      3.3683];
yMeasure(2, 17, :) = [0.25079      3.3735];
yMeasure(2, 18, :) = [0.17309       3.425];
yMeasure(2, 19, :) = [0.20778      3.4626];
yMeasure(2, 20, :) = [0.257      3.4112];
yMeasure(2, 21, :) = [0.1565      3.5188];
yMeasure(2, 22, :) = [0.12193      3.5845];
yMeasure(2, 23, :) = [0.10108      3.5604];
yMeasure(2, 24, :) = [0.15182      3.6717];
yMeasure(2, 25, :) = [0.17352      3.6477];
yMeasure(2, 26, :) = [0.20431      3.6248];
yMeasure(2, 27, :) = [0.092777      3.6636];
yMeasure(2, 28, :) = [0.090906      3.6825];
yMeasure(2, 29, :) = [0.044403      3.7327];
yMeasure(2, 30, :) = [0.15048      3.7822];
yMeasure(2, 31, :) = [0.060474      3.7532];
yMeasure(2, 32, :) = [0.035433      3.8134];
yMeasure(2, 33, :) = [0.1636      3.9004];
yMeasure(2, 34, :) = [0.0906      3.8808];
yMeasure(2, 35, :) = [0.082034      3.8965];
yMeasure(2, 36, :) = [-0.0076007       3.835];
yMeasure(2, 37, :) = [0.061154      3.8689];
yMeasure(2, 38, :) = [0.062519      3.9271];
yMeasure(2, 39, :) = [-0.020758      3.9288];
yMeasure(2, 40, :) = [0.02015       3.871];
yMeasure(2, 41, :) = [0.0089919      3.8943];
yMeasure(2, 42, :) = [0.053632      4.0387];
yMeasure(2, 43, :) = [-0.024918      3.9663];
yMeasure(2, 44, :) = [0.078233      4.1245];
yMeasure(2, 45, :) = [0.11152      3.9254];
yMeasure(2, 46, :) = [0.0057252      4.0744];
yMeasure(2, 47, :) = [0.019234       4.067];
yMeasure(2, 48, :) = [0.043859      4.0437];
yMeasure(2, 49, :) = [0.077647      4.1158];
yMeasure(2, 50, :) = [0.042635      4.0696];
yMeasure(2, 51, :) = [0.035509      4.1656];
yMeasure(2, 52, :) = [-0.0092957      4.1389];
yMeasure(2, 53, :) = [0.0025291      4.0661];
yMeasure(2, 54, :) = [0.044087       4.039];
yMeasure(2, 55, :) = [0.09692      4.1578];
yMeasure(2, 56, :) = [0.040606      4.2407];
yMeasure(2, 57, :) = [-0.048663      4.2036];
yMeasure(2, 58, :) = [0.032779       4.208];
yMeasure(2, 59, :) = [0.0060396      4.2501];
yMeasure(2, 60, :) = [-0.0020029      4.1561];
yMeasure(2, 61, :) = [-0.0011783      4.3069];
yMeasure(2, 62, :) = [-0.034603      4.2004];
yMeasure(2, 63, :) = [-0.007024      4.2562];
yMeasure(2, 64, :) = [-0.030552      4.2451];
yMeasure(2, 65, :) = [-0.0099091      4.2794];
yMeasure(2, 66, :) = [0.013891      4.1831];
yMeasure(2, 67, :) = [0.016451      4.3647];
yMeasure(2, 68, :) = [-0.0033269      4.3236];
yMeasure(2, 69, :) = [-0.00043966      4.4045];
yMeasure(2, 70, :) = [0.008625      4.3822];
yMeasure(2, 71, :) = [0.029617      4.3192];
yMeasure(2, 72, :) = [0.070557      4.2786];
yMeasure(2, 73, :) = [0.037263      4.2454];
yMeasure(2, 74, :) = [-0.0082809      4.3397];
yMeasure(2, 75, :) = [0.035757      4.3561];
yMeasure(2, 76, :) = [-0.0066089      4.4036];
yMeasure(2, 77, :) = [-0.083549      4.3097];
