function yMeasure = getMeasuredData()

yMeasure = nan(5, 100 , 2);
yMeasure(1, 1, :) = [0.41586     0.80981];
yMeasure(1, 2, :) = [0.28078     0.85083];
yMeasure(1, 3, :) = [0.22101     0.77631];
yMeasure(1, 4, :) = [0.19458     0.93487];
yMeasure(1, 5, :) = [0.15255     0.95235];
yMeasure(1, 6, :) = [0.085714     0.98393];
yMeasure(1, 7, :) = [0.12005     0.98075];
yMeasure(1, 8, :) = [-0.0062851     0.95945];
yMeasure(1, 9, :) = [-0.038672      1.0552];
yMeasure(1, 10, :) = [0.059874      1.1436];
yMeasure(1, 11, :) = [0.019157      1.2001];
yMeasure(1, 12, :) = [0.046156      1.1077];
yMeasure(1, 13, :) = [0.015749      1.1807];
yMeasure(1, 14, :) = [0.042169      1.3074];
yMeasure(1, 15, :) = [0.047752      1.2287];
yMeasure(1, 16, :) = [0.028137      1.2443];
yMeasure(1, 17, :) = [0.017725      1.3786];
yMeasure(1, 18, :) = [0.052137      1.3485];
yMeasure(1, 19, :) = [0.070041      1.3734];
yMeasure(1, 20, :) = [-0.038234      1.2888];
yMeasure(1, 21, :) = [0.079314      1.2873];
yMeasure(1, 22, :) = [-0.012422      1.3983];
yMeasure(1, 23, :) = [-0.093608      1.3641];
yMeasure(1, 24, :) = [0.093283      1.3812];
yMeasure(1, 25, :) = [-0.09601      1.5783];
yMeasure(1, 26, :) = [0.074587      1.4146];
yMeasure(1, 27, :) = [0.011354      1.4347];
yMeasure(1, 28, :) = [0.0040315      1.4781];
yMeasure(1, 29, :) = [-0.023907        1.44];
yMeasure(1, 30, :) = [0.049567      1.5335];
yMeasure(1, 31, :) = [-0.044332      1.4573];
yMeasure(1, 32, :) = [0.041721      1.6252];
yMeasure(1, 33, :) = [0.025731      1.4499];
yMeasure(1, 34, :) = [0.048046      1.5669];
yMeasure(1, 35, :) = [-0.036183       1.537];
yMeasure(1, 36, :) = [-0.090822      1.6536];
yMeasure(1, 37, :) = [-0.0099731      1.6406];
yMeasure(1, 38, :) = [-0.040855      1.5856];
yMeasure(1, 39, :) = [0.033051      1.5912];
yMeasure(1, 40, :) = [0.032086      1.4962];
yMeasure(1, 41, :) = [-0.037245      1.7571];
yMeasure(1, 42, :) = [-0.049494      1.6348];
yMeasure(1, 43, :) = [-0.0090593      1.6446];
yMeasure(1, 44, :) = [-0.036087      1.5333];
yMeasure(1, 45, :) = [0.04111      1.6842];
yMeasure(1, 46, :) = [0.019839      1.7153];
yMeasure(1, 47, :) = [0.025339      1.6394];
yMeasure(1, 48, :) = [0.065894      1.7412];
yMeasure(1, 49, :) = [0.0065235      1.7459];
yMeasure(1, 50, :) = [0.016719      1.7249];
yMeasure(1, 51, :) = [-0.00011621      1.7303];
yMeasure(1, 52, :) = [-0.001926       1.762];
yMeasure(1, 53, :) = [0.058108      1.6874];
yMeasure(1, 54, :) = [-0.11428      1.6675];
yMeasure(1, 55, :) = [-0.124      1.6692];
yMeasure(1, 56, :) = [-0.024348       1.772];
yMeasure(1, 57, :) = [0.025242      1.7991];
yMeasure(1, 58, :) = [0.059595      1.7568];
yMeasure(1, 59, :) = [0.010053       1.718];
yMeasure(1, 60, :) = [-0.019823      1.7566];
yMeasure(1, 61, :) = [-0.060862      1.7655];
yMeasure(1, 62, :) = [-0.042827      1.8261];
yMeasure(1, 63, :) = [0.0011818      1.7384];
yMeasure(1, 64, :) = [-0.087284      1.8387];
yMeasure(1, 65, :) = [-0.056403      1.7893];
yMeasure(1, 66, :) = [-0.049677      1.8476];
yMeasure(1, 67, :) = [-0.02764      1.9248];
yMeasure(1, 68, :) = [-0.065566      1.8066];
yMeasure(1, 69, :) = [0.049743      1.8543];
yMeasure(1, 70, :) = [0.018653      1.7327];
yMeasure(1, 71, :) = [-0.010619      1.8241];
yMeasure(1, 72, :) = [-0.13117      1.8536];
yMeasure(1, 73, :) = [0.067343      1.8703];
yMeasure(1, 74, :) = [0.024146      1.8981];
yMeasure(1, 75, :) = [0.060434      1.7765];
yMeasure(1, 76, :) = [0.0016453      1.9058];
yMeasure(1, 77, :) = [-0.082801      1.8749];
yMeasure(1, 78, :) = [-0.016338      1.9394];
yMeasure(1, 79, :) = [0.022513      1.8113];
yMeasure(1, 80, :) = [-0.022678      1.8506];
yMeasure(1, 81, :) = [-0.023663      1.7992];
yMeasure(1, 82, :) = [-0.081158      1.9003];
yMeasure(1, 83, :) = [0.055688      1.8869];
yMeasure(1, 84, :) = [-0.018791      1.7705];
yMeasure(1, 85, :) = [0.029632      1.9598];
yMeasure(1, 86, :) = [0.041519      1.9344];
yMeasure(1, 87, :) = [0.022144      1.9159];
yMeasure(1, 88, :) = [-0.01565      1.8161];
yMeasure(1, 89, :) = [0.037032      1.9737];
yMeasure(1, 90, :) = [-0.005489      1.9522];
yMeasure(1, 91, :) = [0.038074      1.8301];
yMeasure(1, 92, :) = [-0.013108      1.9498];
yMeasure(1, 93, :) = [0.048445      1.8498];
yMeasure(1, 94, :) = [-0.049632      1.9328];
yMeasure(1, 95, :) = [-0.030266      1.8569];
yMeasure(1, 96, :) = [0.081455      1.9252];
yMeasure(1, 97, :) = [0.010061      1.8081];
yMeasure(1, 98, :) = [0.0027731       1.814];
yMeasure(1, 99, :) = [-0.040666      1.9201];
yMeasure(1, 100, :) = [-0.053007      1.8429];
yMeasure(2, 1, :) = [0.65386     0.97422];
yMeasure(2, 2, :) = [0.49301      1.0169];
yMeasure(2, 3, :) = [0.39679     0.84799];
yMeasure(2, 4, :) = [0.51491      1.0983];
yMeasure(2, 5, :) = [0.37398      1.0416];
yMeasure(2, 6, :) = [0.33329        1.06];
yMeasure(2, 7, :) = [0.2219      1.1695];
yMeasure(2, 8, :) = [0.13421      1.1167];
yMeasure(2, 9, :) = [0.25271      1.1886];
yMeasure(2, 10, :) = [0.14537      1.1197];
yMeasure(2, 11, :) = [0.18577      1.2722];
yMeasure(2, 12, :) = [0.055593      1.3222];
yMeasure(2, 13, :) = [0.12551      1.2576];
yMeasure(2, 14, :) = [0.085836      1.3493];
yMeasure(2, 15, :) = [0.051032      1.3563];
yMeasure(2, 16, :) = [0.13033      1.3234];
yMeasure(2, 17, :) = [0.076224       1.356];
yMeasure(2, 18, :) = [0.14606      1.4427];
yMeasure(2, 19, :) = [0.018535      1.3769];
yMeasure(2, 20, :) = [0.13157      1.4795];
yMeasure(2, 21, :) = [-0.0079025       1.573];
yMeasure(2, 22, :) = [0.15535      1.5067];
yMeasure(2, 23, :) = [0.012195       1.474];
yMeasure(2, 24, :) = [0.026923      1.5833];
yMeasure(2, 25, :) = [0.066749      1.5662];
yMeasure(2, 26, :) = [-0.032662      1.7368];
yMeasure(2, 27, :) = [0.02854      1.6039];
yMeasure(2, 28, :) = [0.057535       1.612];
yMeasure(2, 29, :) = [0.031592      1.6882];
yMeasure(2, 30, :) = [-0.18437      1.7451];
yMeasure(2, 31, :) = [0.040493      1.7418];
yMeasure(2, 32, :) = [-0.021142      1.7057];
yMeasure(2, 33, :) = [0.030033      1.6586];
yMeasure(2, 34, :) = [-0.0021779       1.802];
yMeasure(2, 35, :) = [0.040708      1.8056];
yMeasure(2, 36, :) = [0.016541      1.6854];
yMeasure(2, 37, :) = [-0.084302      1.8328];
yMeasure(2, 38, :) = [0.093177      1.8227];
yMeasure(2, 39, :) = [-0.04465      1.8119];
yMeasure(2, 40, :) = [-0.059109      1.8812];
yMeasure(2, 41, :) = [0.01686      1.8051];
yMeasure(2, 42, :) = [-0.0095483      1.8588];
yMeasure(2, 43, :) = [-0.098848      1.8958];
yMeasure(2, 44, :) = [-0.070792      1.8522];
yMeasure(2, 45, :) = [0.038795      1.8684];
yMeasure(2, 46, :) = [-0.016288      1.9194];
yMeasure(2, 47, :) = [0.0028884      1.8412];
yMeasure(2, 48, :) = [-0.0053816      1.9936];
yMeasure(2, 49, :) = [0.04954      1.9666];
yMeasure(2, 50, :) = [-0.030673      2.0226];
yMeasure(2, 51, :) = [-0.020288       2.013];
yMeasure(2, 52, :) = [0.086616      2.0228];
yMeasure(2, 53, :) = [-0.0061323      2.0191];
yMeasure(2, 54, :) = [-0.00085617      1.9789];
yMeasure(2, 55, :) = [0.0017557      1.9649];
yMeasure(2, 56, :) = [-0.0084413      1.9544];
yMeasure(2, 57, :) = [-0.015923      1.9874];
yMeasure(2, 58, :) = [-0.12659      1.9776];
yMeasure(2, 59, :) = [-0.018009      1.9964];
yMeasure(2, 60, :) = [0.10436      2.0227];
yMeasure(2, 61, :) = [-0.046554      2.0869];
yMeasure(2, 62, :) = [-0.026624       2.079];
yMeasure(2, 63, :) = [0.0052836      2.0239];
yMeasure(2, 64, :) = [-0.0043241      2.0953];
yMeasure(2, 65, :) = [-0.03579      2.0842];
yMeasure(2, 66, :) = [-0.047249      2.0628];
yMeasure(2, 67, :) = [-0.077473       2.039];
yMeasure(2, 68, :) = [0.044915      2.1149];
yMeasure(2, 69, :) = [-0.0067886      2.1051];
yMeasure(2, 70, :) = [-0.022652      2.1248];
yMeasure(2, 71, :) = [-0.034023      2.0456];
yMeasure(2, 72, :) = [0.098411      2.2071];
yMeasure(2, 73, :) = [-0.011302      2.1114];
yMeasure(2, 74, :) = [-0.0041225      2.1311];
yMeasure(2, 75, :) = [0.096899      2.2048];
