function yMeasure = getMeasuredData()

yMeasure = nan(1, 50 , 2);
yMeasure(1, 1, :) = [0.58302      1.1134];
yMeasure(1, 2, :) = [0.31637      1.1773];
yMeasure(1, 3, :) = [0.35638      1.1585];
yMeasure(1, 4, :) = [0.18542      1.2366];
yMeasure(1, 5, :) = [0.19275      1.1713];
yMeasure(1, 6, :) = [0.1181      1.2492];
yMeasure(1, 7, :) = [0.11809      1.3587];
yMeasure(1, 8, :) = [-0.0026858      1.4048];
yMeasure(1, 9, :) = [0.0086951       1.366];
yMeasure(1, 10, :) = [0.0017593      1.5367];
yMeasure(1, 11, :) = [0.023365       1.495];
yMeasure(1, 12, :) = [0.040413      1.5045];
yMeasure(1, 13, :) = [-0.0474      1.6148];
yMeasure(1, 14, :) = [0.11144      1.6489];
yMeasure(1, 15, :) = [0.10367      1.5839];
yMeasure(1, 16, :) = [-0.012223      1.6039];
yMeasure(1, 17, :) = [0.052499       1.568];
yMeasure(1, 18, :) = [0.076849      1.6732];
yMeasure(1, 19, :) = [-0.061412      1.6829];
yMeasure(1, 20, :) = [0.0044232      1.7275];
yMeasure(1, 21, :) = [-0.071476      1.8124];
yMeasure(1, 22, :) = [0.012569      1.7658];
yMeasure(1, 23, :) = [0.051399      1.7111];
yMeasure(1, 24, :) = [-0.0074533      1.7842];
yMeasure(1, 25, :) = [0.059297      1.8031];
yMeasure(1, 26, :) = [0.046326      1.8649];
yMeasure(1, 27, :) = [0.012807      1.9135];
yMeasure(1, 28, :) = [-0.0074643      1.9088];
yMeasure(1, 29, :) = [-0.027886      1.9002];
yMeasure(1, 30, :) = [-0.069214      1.8629];
yMeasure(1, 31, :) = [0.031812      1.9256];
yMeasure(1, 32, :) = [-0.11509      1.9137];
yMeasure(1, 33, :) = [-0.029152      1.9468];
yMeasure(1, 34, :) = [0.0071906      1.9522];
yMeasure(1, 35, :) = [0.10104      1.8906];
yMeasure(1, 36, :) = [-0.00053183      1.9988];
yMeasure(1, 37, :) = [0.032949      2.0019];
yMeasure(1, 38, :) = [0.038753      1.9214];
yMeasure(1, 39, :) = [-0.022286        1.95];
yMeasure(1, 40, :) = [-0.049306      1.9449];
yMeasure(1, 41, :) = [-0.086866      2.0254];
yMeasure(1, 42, :) = [-0.021636      1.9242];
yMeasure(1, 43, :) = [-0.016774      1.9637];
yMeasure(1, 44, :) = [0.12829      1.9312];
yMeasure(1, 45, :) = [0.091853      1.9731];
yMeasure(1, 46, :) = [0.040607      2.0813];
yMeasure(1, 47, :) = [0.025695      2.0236];
yMeasure(1, 48, :) = [0.013137      1.9573];
yMeasure(1, 49, :) = [-0.0066114      1.9479];
yMeasure(1, 50, :) = [0.072573      2.0187];

 end