function yMeasure = getMeasuredData()

yMeasure = nan(5, 100 , 2);
yMeasure(1, 1, :) = [1.1866     0.60538];
yMeasure(1, 2, :) = [0.979     0.66618];
yMeasure(1, 3, :) = [1.0256     0.76344];
yMeasure(1, 4, :) = [0.87423     0.66161];
yMeasure(1, 5, :) = [1.0455     0.62432];
yMeasure(1, 6, :) = [0.89061     0.75144];
yMeasure(1, 7, :) = [0.82263     0.79489];
yMeasure(1, 8, :) = [0.74363     0.76877];
yMeasure(1, 9, :) = [0.79348     0.83778];
yMeasure(1, 10, :) = [0.69674     0.85753];
yMeasure(1, 11, :) = [0.73795     0.96269];
yMeasure(1, 12, :) = [0.61711     0.96554];
yMeasure(1, 13, :) = [0.58213      1.0401];
yMeasure(1, 14, :) = [0.6054     0.96898];
yMeasure(1, 15, :) = [0.59438      1.0454];
yMeasure(1, 16, :) = [0.50446      1.0049];
yMeasure(1, 17, :) = [0.5549      1.0874];
yMeasure(1, 18, :) = [0.47457      1.1271];
yMeasure(1, 19, :) = [0.43907      1.1321];
yMeasure(1, 20, :) = [0.40756      1.2291];
yMeasure(1, 21, :) = [0.45152      1.2581];
yMeasure(1, 22, :) = [0.44528      1.2667];
yMeasure(1, 23, :) = [0.42189      1.3144];
yMeasure(1, 24, :) = [0.34669      1.3263];
yMeasure(1, 25, :) = [0.31771      1.3352];
yMeasure(1, 26, :) = [0.36754      1.3896];
yMeasure(1, 27, :) = [0.27694      1.3975];
yMeasure(1, 28, :) = [0.24352       1.476];
yMeasure(1, 29, :) = [0.21377       1.494];
yMeasure(1, 30, :) = [0.30874      1.4349];
yMeasure(1, 31, :) = [0.29467       1.451];
yMeasure(1, 32, :) = [0.21929      1.5028];
yMeasure(1, 33, :) = [0.19183      1.5171];
yMeasure(1, 34, :) = [0.22372      1.5069];
yMeasure(1, 35, :) = [0.15183      1.5369];
yMeasure(1, 36, :) = [0.15155      1.7099];
yMeasure(1, 37, :) = [0.15261       1.703];
yMeasure(1, 38, :) = [0.1262      1.6855];
yMeasure(1, 39, :) = [0.10363      1.6293];
yMeasure(1, 40, :) = [0.19757      1.7193];
yMeasure(1, 41, :) = [0.19932      1.6771];
yMeasure(1, 42, :) = [0.0049415      1.7437];
yMeasure(1, 43, :) = [0.12472      1.8321];
yMeasure(1, 44, :) = [0.079806      1.7391];
yMeasure(1, 45, :) = [0.0074839      1.8299];
yMeasure(1, 46, :) = [0.073141      1.8603];
yMeasure(1, 47, :) = [0.026626      1.8598];
yMeasure(1, 48, :) = [0.075713      1.8111];
yMeasure(1, 49, :) = [0.075841      1.8982];
yMeasure(1, 50, :) = [0.087559      1.9336];
yMeasure(1, 51, :) = [0.1522      1.9611];
yMeasure(1, 52, :) = [-0.0065983      1.9007];
yMeasure(1, 53, :) = [0.065223      1.9247];
yMeasure(1, 54, :) = [0.1568      1.9531];
yMeasure(1, 55, :) = [0.13811       2.059];
yMeasure(1, 56, :) = [0.030264      1.9913];
yMeasure(1, 57, :) = [-0.0061629       2.118];
yMeasure(1, 58, :) = [0.1175      2.0799];
yMeasure(1, 59, :) = [0.030445      2.0216];
yMeasure(1, 60, :) = [0.017567      2.0327];
yMeasure(1, 61, :) = [0.016379      2.1091];
yMeasure(1, 62, :) = [-0.0080593      2.1648];
yMeasure(1, 63, :) = [0.025797      2.0256];
yMeasure(1, 64, :) = [-0.036688      2.1564];
yMeasure(1, 65, :) = [-0.032168      2.0623];
yMeasure(1, 66, :) = [-0.014276      2.1414];
yMeasure(1, 67, :) = [0.058424       2.188];
yMeasure(1, 68, :) = [-0.0027231      2.1169];
yMeasure(1, 69, :) = [0.017712      2.0555];
yMeasure(1, 70, :) = [0.045006      2.2241];
yMeasure(1, 71, :) = [-0.057341      2.0904];
yMeasure(1, 72, :) = [-0.0056514      2.2419];
yMeasure(1, 73, :) = [0.041876      2.1772];
yMeasure(1, 74, :) = [0.045989      2.2137];
yMeasure(1, 75, :) = [-0.040915      2.1881];
yMeasure(1, 76, :) = [0.011047       2.293];
yMeasure(1, 77, :) = [0.033334      2.1749];
yMeasure(1, 78, :) = [0.097763       2.252];
yMeasure(1, 79, :) = [0.039728       2.402];
yMeasure(1, 80, :) = [0.045335      2.2485];
yMeasure(1, 81, :) = [0.019991        2.26];
yMeasure(1, 82, :) = [-0.1229      2.3651];
yMeasure(1, 83, :) = [-0.029198      2.3786];
yMeasure(1, 84, :) = [0.12999      2.2404];
yMeasure(1, 85, :) = [0.00067625      2.3131];
yMeasure(1, 86, :) = [0.086543      2.3418];
yMeasure(1, 87, :) = [0.099393      2.3029];
yMeasure(1, 88, :) = [0.041755      2.2995];
yMeasure(1, 89, :) = [0.048673      2.2529];
yMeasure(1, 90, :) = [0.12366       2.357];
yMeasure(1, 91, :) = [0.031749      2.4018];
yMeasure(1, 92, :) = [0.032867       2.369];
yMeasure(1, 93, :) = [-0.013238      2.3726];
yMeasure(1, 94, :) = [-0.015498      2.4633];
yMeasure(1, 95, :) = [-0.038375       2.339];
yMeasure(1, 96, :) = [-0.0085761      2.3164];
yMeasure(1, 97, :) = [0.089642      2.3744];
yMeasure(1, 98, :) = [-0.027959      2.3085];
yMeasure(1, 99, :) = [0.072094      2.3589];
yMeasure(1, 100, :) = [-0.03745      2.4688];
yMeasure(2, 1, :) = [1.0211     0.45269];
yMeasure(2, 2, :) = [0.77779     0.57407];
yMeasure(2, 3, :) = [0.70731      0.5373];
yMeasure(2, 4, :) = [0.5965     0.62924];
yMeasure(2, 5, :) = [0.60326     0.46636];
yMeasure(2, 6, :) = [0.52372     0.55185];
yMeasure(2, 7, :) = [0.46935     0.63693];
yMeasure(2, 8, :) = [0.45511     0.59888];
yMeasure(2, 9, :) = [0.45566     0.72398];
yMeasure(2, 10, :) = [0.30505     0.58511];
yMeasure(2, 11, :) = [0.36784     0.69645];
yMeasure(2, 12, :) = [0.31392     0.82149];
yMeasure(2, 13, :) = [0.23147     0.73744];
yMeasure(2, 14, :) = [0.27385     0.84153];
yMeasure(2, 15, :) = [0.29621     0.90338];
yMeasure(2, 16, :) = [0.29081     0.96074];
yMeasure(2, 17, :) = [0.13068      0.8894];
yMeasure(2, 18, :) = [0.095992      1.0481];
yMeasure(2, 19, :) = [0.12596     0.93778];
yMeasure(2, 20, :) = [0.10631      1.0685];
yMeasure(2, 21, :) = [0.088589     0.92758];
yMeasure(2, 22, :) = [0.072137     0.97948];
yMeasure(2, 23, :) = [0.077544     0.98754];
yMeasure(2, 24, :) = [0.19623     0.97489];
yMeasure(2, 25, :) = [0.10671      1.1401];
yMeasure(2, 26, :) = [0.030184       1.159];
yMeasure(2, 27, :) = [0.12687      1.1755];
yMeasure(2, 28, :) = [0.10571       1.194];
yMeasure(2, 29, :) = [0.089265      1.1073];
yMeasure(2, 30, :) = [0.060609      1.2869];
yMeasure(2, 31, :) = [0.028876      1.2029];
yMeasure(2, 32, :) = [0.021804      1.2887];
yMeasure(2, 33, :) = [-0.0033446      1.3156];
yMeasure(2, 34, :) = [4.0299e-05      1.3179];
yMeasure(2, 35, :) = [-0.073785      1.3631];
yMeasure(2, 36, :) = [0.066214      1.3515];
yMeasure(2, 37, :) = [-0.006804      1.3873];
yMeasure(2, 38, :) = [0.036852      1.3406];
yMeasure(2, 39, :) = [-0.0078547       1.337];
yMeasure(2, 40, :) = [0.029354      1.3912];
yMeasure(2, 41, :) = [0.060388      1.3815];
yMeasure(2, 42, :) = [0.038336       1.468];
yMeasure(2, 43, :) = [0.011125      1.4442];
yMeasure(2, 44, :) = [-0.07278      1.4862];
yMeasure(2, 45, :) = [0.011002      1.5125];
yMeasure(2, 46, :) = [0.027665      1.5338];
yMeasure(2, 47, :) = [-0.024052      1.5237];
yMeasure(2, 48, :) = [-0.047842      1.5224];
yMeasure(2, 49, :) = [0.019762      1.5174];
yMeasure(2, 50, :) = [0.10824      1.4739];
yMeasure(2, 51, :) = [-0.013256      1.5647];
yMeasure(2, 52, :) = [0.1206      1.5555];
yMeasure(2, 53, :) = [0.032482       1.612];
yMeasure(2, 54, :) = [-0.0004246      1.6331];
yMeasure(2, 55, :) = [-0.0028639      1.5866];
yMeasure(2, 56, :) = [-0.007797      1.5666];
yMeasure(2, 57, :) = [0.014703      1.6564];
yMeasure(2, 58, :) = [-0.059611      1.6313];
yMeasure(2, 59, :) = [-0.033641      1.7208];
yMeasure(2, 60, :) = [-0.055637      1.7082];
yMeasure(2, 61, :) = [0.0014112      1.6651];
yMeasure(2, 62, :) = [0.0041637      1.5943];
yMeasure(2, 63, :) = [0.029209      1.6996];
yMeasure(2, 64, :) = [-0.0067673      1.6614];
yMeasure(2, 65, :) = [-0.010381      1.6814];
yMeasure(2, 66, :) = [-0.090288      1.6823];
yMeasure(2, 67, :) = [0.074252      1.6726];
yMeasure(2, 68, :) = [-0.096345      1.6602];
yMeasure(2, 69, :) = [0.11442       1.731];
yMeasure(2, 70, :) = [-0.027182      1.7274];
yMeasure(2, 71, :) = [-0.051395      1.8218];
yMeasure(2, 72, :) = [0.033533      1.7212];
yMeasure(2, 73, :) = [0.070971      1.7192];
yMeasure(2, 74, :) = [0.053976      1.7733];
yMeasure(2, 75, :) = [0.028108      1.8126];
yMeasure(2, 76, :) = [0.0022827      1.8404];
yMeasure(2, 77, :) = [-0.033173      1.7553];
