function yMeasure = getMeasuredData()

yMeasure = nan(1, 50 , 2);
yMeasure(1, 1, :) = [0.38043      1.0114];
yMeasure(1, 2, :) = [0.27191      1.1459];
yMeasure(1, 3, :) = [0.13803      1.1363];
yMeasure(1, 4, :) = [0.13748      1.1567];
yMeasure(1, 5, :) = [0.11469       1.309];
yMeasure(1, 6, :) = [0.14046      1.2779];
yMeasure(1, 7, :) = [0.030179      1.3057];
yMeasure(1, 8, :) = [-0.076925      1.3643];
yMeasure(1, 9, :) = [-0.018602      1.3782];
yMeasure(1, 10, :) = [0.08661      1.4039];
yMeasure(1, 11, :) = [-0.037853      1.6234];
yMeasure(1, 12, :) = [0.061566      1.6148];
yMeasure(1, 13, :) = [0.018057      1.5804];
yMeasure(1, 14, :) = [0.082406      1.5331];
yMeasure(1, 15, :) = [-0.088498      1.5818];
yMeasure(1, 16, :) = [-0.0011873      1.6436];
yMeasure(1, 17, :) = [-0.052418      1.7177];
yMeasure(1, 18, :) = [0.15275      1.6357];
yMeasure(1, 19, :) = [0.048052      1.6085];
yMeasure(1, 20, :) = [0.075244      1.6738];
yMeasure(1, 21, :) = [-0.047061      1.7829];
yMeasure(1, 22, :) = [-0.017988      1.8046];
yMeasure(1, 23, :) = [-0.0085501      1.8253];
yMeasure(1, 24, :) = [0.059656      1.8127];
yMeasure(1, 25, :) = [-0.0094685      1.8439];
yMeasure(1, 26, :) = [0.039217      1.8255];
yMeasure(1, 27, :) = [-0.098714      1.9061];
yMeasure(1, 28, :) = [-0.014058      1.8078];
yMeasure(1, 29, :) = [-0.037769      1.9107];
yMeasure(1, 30, :) = [-0.075649      1.8568];
yMeasure(1, 31, :) = [0.028411      1.8931];
yMeasure(1, 32, :) = [0.016934      1.9475];
yMeasure(1, 33, :) = [0.0043442      1.9812];
yMeasure(1, 34, :) = [-0.064166      1.8821];
yMeasure(1, 35, :) = [0.058751      2.0093];
yMeasure(1, 36, :) = [0.019754       1.987];
yMeasure(1, 37, :) = [-0.012831      1.9578];
yMeasure(1, 38, :) = [0.0031532      1.9583];
yMeasure(1, 39, :) = [-0.011197      1.9636];
yMeasure(1, 40, :) = [-0.085707      1.9653];
yMeasure(1, 41, :) = [-0.012571      1.9872];
yMeasure(1, 42, :) = [-0.039943      1.9939];
yMeasure(1, 43, :) = [-0.047415      2.0376];
yMeasure(1, 44, :) = [-0.056349      2.0773];
yMeasure(1, 45, :) = [-0.025277      2.0287];
yMeasure(1, 46, :) = [-0.098796      1.9989];
yMeasure(1, 47, :) = [0.049486      2.0445];
yMeasure(1, 48, :) = [0.027221       2.026];
yMeasure(1, 49, :) = [0.00016314      1.9688];
yMeasure(1, 50, :) = [-0.0006238      2.0709];

 end