function yMeasure = getMeasuredData()

yMeasure = nan(1, 50 , 2);
yMeasure(1, 1, :) = [0.40132      2.0101];
yMeasure(1, 2, :) = [0.3892      2.0281];
yMeasure(1, 3, :) = [0.30486      2.0481];
yMeasure(1, 4, :) = [0.3359      2.0873];
yMeasure(1, 5, :) = [0.20422      2.1859];
yMeasure(1, 6, :) = [0.29033      2.1769];
yMeasure(1, 7, :) = [0.19505      2.2239];
yMeasure(1, 8, :) = [0.18292      2.2369];
yMeasure(1, 9, :) = [0.21352      2.3078];
yMeasure(1, 10, :) = [0.14073      2.3233];
yMeasure(1, 11, :) = [0.12607      2.4579];
yMeasure(1, 12, :) = [0.1671      2.4191];
yMeasure(1, 13, :) = [0.13815      2.5119];
yMeasure(1, 14, :) = [0.089355      2.6302];
yMeasure(1, 15, :) = [0.030917      2.6185];
yMeasure(1, 16, :) = [0.045676      2.6695];
yMeasure(1, 17, :) = [0.089288      2.6345];
yMeasure(1, 18, :) = [0.087508      2.6728];
yMeasure(1, 19, :) = [0.08436      2.6368];
yMeasure(1, 20, :) = [0.041565      2.7748];
yMeasure(1, 21, :) = [-0.10442      2.7759];
yMeasure(1, 22, :) = [-0.0047818      2.8137];
yMeasure(1, 23, :) = [-0.040718      2.8751];
yMeasure(1, 24, :) = [0.019294      2.8376];
yMeasure(1, 25, :) = [0.03329      2.8964];
yMeasure(1, 26, :) = [0.026779      2.9663];
yMeasure(1, 27, :) = [-0.0088921      2.8808];
yMeasure(1, 28, :) = [0.078515      2.9711];
yMeasure(1, 29, :) = [0.10625      2.9926];
yMeasure(1, 30, :) = [0.082518      2.9591];
yMeasure(1, 31, :) = [-0.045096      2.9923];
yMeasure(1, 32, :) = [0.0082379      3.0966];
yMeasure(1, 33, :) = [0.075455      2.9562];
yMeasure(1, 34, :) = [-0.035338      3.0363];
yMeasure(1, 35, :) = [0.01027      2.9969];
yMeasure(1, 36, :) = [0.059324      2.9637];
yMeasure(1, 37, :) = [0.009207       3.109];
yMeasure(1, 38, :) = [-0.075773      3.1126];
yMeasure(1, 39, :) = [0.036665      3.1129];
yMeasure(1, 40, :) = [-0.051726      3.1732];
yMeasure(1, 41, :) = [0.012231      3.1797];
yMeasure(1, 42, :) = [-0.022339      3.1969];
yMeasure(1, 43, :) = [-0.013355      3.0535];
yMeasure(1, 44, :) = [-0.052381      3.1387];
yMeasure(1, 45, :) = [-0.052796      3.1785];
yMeasure(1, 46, :) = [-0.011664      3.0662];
yMeasure(1, 47, :) = [0.020597      3.0418];
yMeasure(1, 48, :) = [-0.035019      3.0479];
yMeasure(1, 49, :) = [0.062985      3.0862];
yMeasure(1, 50, :) = [-0.0049591      3.1564];

 end