function llh = bananaLLH( theta )

   t = linspace(0,1,101);
   X = theta(1) * (1-exp(-theta(2) * t));
   d = [0.00186265197480608 0.00806650713830957 0.00762440875799988 0.00494864501136006 0.000719030546482412 0.0271438929922753 0.00947873919134038 0.0170661818382931 -0.00200506069544773 0.0300012179073627 0.0108500804976883 0.0213211818330920 0.0196223485599857 0.0313013869590655 0.0280854515177553 0.0191628260468853 0.00763399466442522 0.0339274426272997 0.0341843006247575 0.0274507580215237 0.0314592232535260 0.0606348392663652 0.0330956640777107 0.0542065239642163 0.0443178070418462 0.0477458410486893 0.0610456785944509 0.0466802104771424 0.0717890435505843 0.0660563189224856 0.0644665259865073 0.0609480817520421 0.0615506374095330 0.0696872023543897 0.0531663609851834 0.0612185144296983 0.0615304060584716 0.0606749821055923 0.0456557094847108 0.0834991509585725 0.0979493674230644 0.0740718038648756 0.0847815013936460 0.0885763872644549 0.0668705760592092 0.0986113663976448 0.0875470012459985 0.0963217774610831 0.0790381732561827 0.0979127529169572 0.0891418970799179 0.108626322472939 0.101005324262647 0.101685043356297 0.129700707782764 0.111082424697197 0.0989932967895044 0.0833546419088960 0.115929605161020 0.112143661729958 0.122253618953053 0.107947541717653 0.125337210168873 0.119514478613163 0.125701044347829 0.133131734132717 0.117866860547556 0.117660226301876 0.124811721452093 0.110970995151156 0.126400141597338 0.125811307893006 0.156144930452572 0.122303106488978 0.148919947764654 0.121666715673754 0.136637703758254 0.120421680833720 0.155710083588304 0.131284129010734 0.141824987842492 0.166493533684138 0.165463232739774 0.142521656575631 0.153563929624683 0.145599669583026 0.157714813985370 0.151225010769923 0.176659913663529 0.169160889377399 0.180000222534135 0.181992349636698 0.172161959937760 0.158781053740375 0.180190213296114 0.173616639192474 0.162210598821517 0.165692237497422 0.177157054039674 0.189699990202454 0.180331678097449];
   
   llh = -0.5*log(2*pi*theta(3)^2) -0.5*sum((d-X).^2/(2*theta(3)^2));
   
end
