function con0 = getInitialConcentrations()

    con0 = nan(4, 5);
    con0(:, 1) = [  0.9322824;   0.8925944;   0.5462885;   1.1678559];
    con0(:, 2) = [  2.2774991;   1.4543681;   0.9441229;   1.3340812];
    con0(:, 3) = [  1.0969655;   1.3316779;   1.0635723;   1.0047918];
    con0(:, 4) = [  2.2142533;   1.0635216;   1.3760380;   1.4755230];
    con0(:, 5) = [  1.9415348;   0.9251293;   1.3692150;   1.0333409];

 end