function yMeasure = getMeasuredData()

yMeasure = nan(5, 100 , 2);
yMeasure(1, 1, :) = [0.90813      1.1847];
yMeasure(1, 2, :) = [0.81028      1.2076];
yMeasure(1, 3, :) = [0.75328      1.2131];
yMeasure(1, 4, :) = [0.61115      1.2245];
yMeasure(1, 5, :) = [0.66578      1.1205];
yMeasure(1, 6, :) = [0.62805      1.3576];
yMeasure(1, 7, :) = [0.45157      1.2601];
yMeasure(1, 8, :) = [0.43032      1.2969];
yMeasure(1, 9, :) = [0.43485      1.4016];
yMeasure(1, 10, :) = [0.39973      1.3588];
yMeasure(1, 11, :) = [0.41968      1.3645];
yMeasure(1, 12, :) = [0.32025      1.4738];
yMeasure(1, 13, :) = [0.37916      1.4563];
yMeasure(1, 14, :) = [0.23524      1.4401];
yMeasure(1, 15, :) = [0.26028      1.6055];
yMeasure(1, 16, :) = [0.25325      1.5345];
yMeasure(1, 17, :) = [0.17098      1.5376];
yMeasure(1, 18, :) = [0.2058      1.5348];
yMeasure(1, 19, :) = [0.17426      1.6121];
yMeasure(1, 20, :) = [0.21617      1.7316];
yMeasure(1, 21, :) = [0.18733      1.7104];
yMeasure(1, 22, :) = [0.24044      1.6524];
yMeasure(1, 23, :) = [0.18613      1.7181];
yMeasure(1, 24, :) = [0.13088      1.7951];
yMeasure(1, 25, :) = [0.019999      1.8535];
yMeasure(1, 26, :) = [0.10028      1.7922];
yMeasure(1, 27, :) = [0.060009      1.7804];
yMeasure(1, 28, :) = [0.21019      1.8579];
yMeasure(1, 29, :) = [0.087418      1.8086];
yMeasure(1, 30, :) = [0.095755      1.9305];
yMeasure(1, 31, :) = [0.090697        1.86];
yMeasure(1, 32, :) = [0.059739      1.8964];
yMeasure(1, 33, :) = [-0.031192      1.8478];
yMeasure(1, 34, :) = [0.16014      1.9191];
yMeasure(1, 35, :) = [0.069247      1.9985];
yMeasure(1, 36, :) = [0.0076576       2.064];
yMeasure(1, 37, :) = [0.032421      2.0775];
yMeasure(1, 38, :) = [0.12021      1.9589];
yMeasure(1, 39, :) = [0.045292      2.0388];
yMeasure(1, 40, :) = [0.043737      2.0728];
yMeasure(1, 41, :) = [0.015433      2.0887];
yMeasure(1, 42, :) = [-0.046189      2.1161];
yMeasure(1, 43, :) = [-0.0074723      2.1296];
yMeasure(1, 44, :) = [-0.017221      2.1094];
yMeasure(1, 45, :) = [0.027967       2.138];
yMeasure(1, 46, :) = [0.030607      2.1294];
yMeasure(1, 47, :) = [0.012285      2.1435];
yMeasure(1, 48, :) = [0.056637      2.2377];
yMeasure(1, 49, :) = [0.0015087      2.1436];
yMeasure(1, 50, :) = [0.029509      2.1986];
yMeasure(1, 51, :) = [-0.026607      2.1697];
yMeasure(1, 52, :) = [-0.033274      2.2729];
yMeasure(1, 53, :) = [0.00032036      2.1977];
yMeasure(1, 54, :) = [0.055434      2.1784];
yMeasure(1, 55, :) = [0.02319      2.2097];
yMeasure(1, 56, :) = [0.027697       2.312];
yMeasure(1, 57, :) = [-0.023318      2.4017];
yMeasure(1, 58, :) = [-0.022776      2.2761];
yMeasure(1, 59, :) = [0.039711      2.3558];
yMeasure(1, 60, :) = [0.032829      2.4045];
yMeasure(1, 61, :) = [-0.056198      2.3937];
yMeasure(1, 62, :) = [-0.065333      2.4224];
yMeasure(1, 63, :) = [0.060049      2.3203];
yMeasure(1, 64, :) = [0.0074904      2.4105];
yMeasure(1, 65, :) = [0.00048221      2.3544];
yMeasure(1, 66, :) = [0.027105      2.3001];
yMeasure(1, 67, :) = [0.0024838      2.3641];
yMeasure(1, 68, :) = [0.018181       2.407];
yMeasure(1, 69, :) = [0.030656      2.4881];
yMeasure(1, 70, :) = [-0.073823      2.4481];
yMeasure(1, 71, :) = [0.0074597      2.4225];
yMeasure(1, 72, :) = [0.0045905      2.4656];
yMeasure(1, 73, :) = [0.026437       2.397];
yMeasure(1, 74, :) = [0.021288      2.3633];
yMeasure(1, 75, :) = [-0.056341      2.4003];
yMeasure(1, 76, :) = [0.012207      2.3812];
yMeasure(1, 77, :) = [-0.044551      2.4951];
yMeasure(1, 78, :) = [-0.012471      2.4446];
yMeasure(1, 79, :) = [0.010345      2.3971];
yMeasure(1, 80, :) = [0.05267      2.4513];
yMeasure(1, 81, :) = [0.027979      2.4243];
yMeasure(1, 82, :) = [0.017921      2.4556];
yMeasure(1, 83, :) = [-0.066722      2.5472];
yMeasure(1, 84, :) = [0.0098519       2.555];
yMeasure(1, 85, :) = [0.062807      2.4476];
yMeasure(1, 86, :) = [-0.10174      2.4703];
yMeasure(1, 87, :) = [0.027019      2.5143];
yMeasure(1, 88, :) = [-0.1192      2.5028];
yMeasure(1, 89, :) = [-0.011566      2.4753];
yMeasure(1, 90, :) = [0.023478      2.5557];
yMeasure(1, 91, :) = [-0.08183      2.4373];
yMeasure(1, 92, :) = [0.041328       2.639];
yMeasure(1, 93, :) = [0.013421      2.4972];
yMeasure(1, 94, :) = [0.051099      2.5385];
yMeasure(1, 95, :) = [0.027415      2.4863];
yMeasure(1, 96, :) = [-0.019309      2.4736];
yMeasure(1, 97, :) = [0.019185      2.5844];
yMeasure(1, 98, :) = [0.0018153      2.5325];
yMeasure(1, 99, :) = [-0.091682      2.5449];
yMeasure(1, 100, :) = [0.019585      2.5424];
yMeasure(2, 1, :) = [2.3123      1.3683];
yMeasure(2, 2, :) = [1.9489      1.3967];
yMeasure(2, 3, :) = [1.6322      1.3954];
yMeasure(2, 4, :) = [1.4481      1.5367];
yMeasure(2, 5, :) = [1.3355      1.4776];
yMeasure(2, 6, :) = [1.2066      1.5003];
yMeasure(2, 7, :) = [1.0108      1.6522];
yMeasure(2, 8, :) = [0.97471      1.7373];
yMeasure(2, 9, :) = [0.83565      1.7962];
yMeasure(2, 10, :) = [0.8819      1.8326];
yMeasure(2, 11, :) = [0.88919      1.9092];
yMeasure(2, 12, :) = [0.81864      1.9322];
yMeasure(2, 13, :) = [0.73488      2.0612];
yMeasure(2, 14, :) = [0.59424       2.109];
yMeasure(2, 15, :) = [0.55925      2.1039];
yMeasure(2, 16, :) = [0.56245       2.196];
yMeasure(2, 17, :) = [0.50649      2.2694];
yMeasure(2, 18, :) = [0.51817      2.3453];
yMeasure(2, 19, :) = [0.50424      2.3195];
yMeasure(2, 20, :) = [0.39167      2.4443];
yMeasure(2, 21, :) = [0.36828      2.4906];
yMeasure(2, 22, :) = [0.39614      2.5385];
yMeasure(2, 23, :) = [0.33718      2.6028];
yMeasure(2, 24, :) = [0.20181      2.5896];
yMeasure(2, 25, :) = [0.22011      2.6774];
yMeasure(2, 26, :) = [0.19965      2.7515];
yMeasure(2, 27, :) = [0.1492      2.7246];
yMeasure(2, 28, :) = [0.18628      2.7314];
yMeasure(2, 29, :) = [0.18337      2.8762];
yMeasure(2, 30, :) = [0.22945      2.9002];
yMeasure(2, 31, :) = [0.17947      2.9586];
yMeasure(2, 32, :) = [0.18811      2.9804];
yMeasure(2, 33, :) = [0.079409      2.9827];
yMeasure(2, 34, :) = [0.12153      3.0922];
yMeasure(2, 35, :) = [0.17673      3.1567];
yMeasure(2, 36, :) = [0.053149      3.1655];
yMeasure(2, 37, :) = [0.11079      3.1802];
yMeasure(2, 38, :) = [0.1333      3.2278];
yMeasure(2, 39, :) = [0.010934      3.2563];
yMeasure(2, 40, :) = [0.081381      3.2356];
yMeasure(2, 41, :) = [0.0063953      3.3539];
yMeasure(2, 42, :) = [0.023343      3.4287];
yMeasure(2, 43, :) = [0.0096362      3.4125];
yMeasure(2, 44, :) = [0.014188      3.4144];
yMeasure(2, 45, :) = [0.020609      3.5078];
yMeasure(2, 46, :) = [-0.0086794      3.5663];
yMeasure(2, 47, :) = [-0.00079921      3.5589];
yMeasure(2, 48, :) = [0.053391      3.5902];
yMeasure(2, 49, :) = [0.10984      3.6051];
yMeasure(2, 50, :) = [-0.052555       3.593];
yMeasure(2, 51, :) = [0.0093228      3.6552];
yMeasure(2, 52, :) = [0.038569      3.7311];
yMeasure(2, 53, :) = [0.044407      3.6972];
yMeasure(2, 54, :) = [0.066657      3.7598];
yMeasure(2, 55, :) = [0.024528      3.7452];
yMeasure(2, 56, :) = [-0.0701      3.8008];
yMeasure(2, 57, :) = [0.049501      3.7627];
yMeasure(2, 58, :) = [0.060208      3.7558];
yMeasure(2, 59, :) = [-0.012914      3.7145];
yMeasure(2, 60, :) = [-0.0020127      3.8933];
yMeasure(2, 61, :) = [-0.015911      3.8937];
yMeasure(2, 62, :) = [0.0044176      3.9319];
yMeasure(2, 63, :) = [-0.034681      3.9426];
yMeasure(2, 64, :) = [0.070965      3.8431];
yMeasure(2, 65, :) = [-0.049563      3.9546];
yMeasure(2, 66, :) = [-0.0084353       4.063];
yMeasure(2, 67, :) = [0.076331      4.0292];
yMeasure(2, 68, :) = [0.029064       3.991];
yMeasure(2, 69, :) = [-0.0086733      3.9904];
yMeasure(2, 70, :) = [-0.01226      4.0104];
yMeasure(2, 71, :) = [0.028076       4.056];
yMeasure(2, 72, :) = [0.053536      4.0664];
yMeasure(2, 73, :) = [0.043979      4.0259];
yMeasure(2, 74, :) = [0.094603       4.061];
yMeasure(2, 75, :) = [-0.042919      4.0823];
yMeasure(2, 76, :) = [-0.0017436      4.1635];
yMeasure(2, 77, :) = [-0.094321      4.1715];
